# 0:Mvir[Msun/h] 1:sigma(M,0) 2:sigma(M_f,0)(f=0.50) 3:z 4:D(z) 5:D(z_f)_simfit 6:D(z_f)_eps(f=0.50) 7:D(z_f)_eps(f=0.16) 8:c_simfit 9:c_eps(f=0.50) 10:c_eps(f=0.16) 11:M_hm[Msun/h]
1.000000e+01 8.685596 8.685779 0.000 1.000000 0.369573 0.975533 0.966523 26.810304 72.452689 71.749181 0.000000e+00
9.562000e+00 8.685610 8.685788 0.000 1.000000 0.369521 0.975861 0.966990 26.806674 72.478468 71.785764 0.000000e+00
9.144000e+00 8.685624 8.685797 0.000 1.000000 0.369470 0.976194 0.967417 26.803070 72.504628 71.819196 0.000000e+00
8.744000e+00 8.685638 8.685806 0.000 1.000000 0.369420 0.976533 0.967898 26.799484 72.531187 71.856903 0.000000e+00
8.361000e+00 8.685651 8.685814 0.000 1.000000 0.369369 0.976876 0.968339 26.795909 72.558153 71.891382 0.000000e+00
7.995000e+00 8.685664 8.685822 0.000 1.000000 0.369319 0.977226 0.968836 26.792356 72.585555 71.930309 0.000000e+00
7.645000e+00 8.685677 8.685830 0.000 1.000000 0.369269 0.977581 0.969291 26.788822 72.613412 71.965945 0.000000e+00
7.310000e+00 8.685689 8.685838 0.000 1.000000 0.369219 0.977869 0.969701 26.785301 72.636056 71.998118 0.000000e+00
6.990000e+00 8.685701 8.685845 0.000 1.000000 0.369170 0.978236 0.970171 26.781803 72.664785 72.034880 0.000000e+00
6.684000e+00 8.685712 8.685853 0.000 1.000000 0.369121 0.978459 0.970542 26.778320 72.682305 72.063929 0.000000e+00
6.392000e+00 8.685724 8.685860 0.000 1.000000 0.369072 0.978836 0.971026 26.774866 72.711887 72.101857 0.000000e+00
6.112000e+00 8.685734 8.685866 0.000 1.000000 0.369023 0.979143 0.971409 26.771416 72.735966 72.131846 0.000000e+00
5.845000e+00 8.685745 8.685873 0.000 1.000000 0.368975 0.979455 0.971854 26.767997 72.760436 72.166661 0.000000e+00
5.589000e+00 8.685755 8.685879 0.000 1.000000 0.368927 0.979772 0.972249 26.764584 72.785297 72.197624 0.000000e+00
5.344000e+00 8.685765 8.685886 0.000 1.000000 0.368879 0.980013 0.972651 26.761187 72.804240 72.229074 0.000000e+00
5.110000e+00 8.685774 8.685892 0.000 1.000000 0.368832 0.980257 0.973000 26.757809 72.823419 72.256439 0.000000e+00
4.887000e+00 8.685784 8.685898 0.000 1.000000 0.368784 0.980588 0.973414 26.754464 72.849372 72.288854 0.000000e+00
4.673000e+00 8.685793 8.685903 0.000 1.000000 0.368737 0.980925 0.973835 26.751122 72.875793 72.321814 0.000000e+00
4.468000e+00 8.685802 8.685909 0.000 1.000000 0.368690 0.981182 0.974202 26.747792 72.895957 72.350541 0.000000e+00
4.273000e+00 8.685810 8.685914 0.000 1.000000 0.368644 0.981443 0.974574 26.744495 72.916406 72.379706 0.000000e+00
4.086000e+00 8.685818 8.685919 0.000 1.000000 0.368598 0.981708 0.974889 26.741206 72.937164 72.404379 0.000000e+00
3.907000e+00 8.685826 8.685924 0.000 1.000000 0.368552 0.981976 0.975273 26.737932 72.958243 72.434420 0.000000e+00
3.736000e+00 8.685834 8.685929 0.000 1.000000 0.368506 0.982250 0.975663 26.734678 72.979659 72.464970 0.000000e+00
3.572000e+00 8.685842 8.685934 0.000 1.000000 0.368460 0.982527 0.975993 26.731432 73.001427 72.490849 0.000000e+00
3.416000e+00 8.685849 8.685939 0.000 1.000000 0.368415 0.982715 0.976329 26.728218 73.016158 72.517107 0.000000e+00
3.266000e+00 8.685856 8.685943 0.000 1.000000 0.368370 0.983000 0.976669 26.725003 73.038545 72.543770 0.000000e+00
3.124000e+00 8.685863 8.685948 0.000 1.000000 0.368325 0.983194 0.977015 26.721837 73.053711 72.570857 0.000000e+00
2.987000e+00 8.685870 8.685952 0.000 1.000000 0.368281 0.983488 0.977367 26.718661 73.076780 72.598387 0.000000e+00
2.856000e+00 8.685876 8.685956 0.000 1.000000 0.368236 0.983687 0.977652 26.715499 73.092414 72.620749 0.000000e+00
2.731000e+00 8.685883 8.685960 0.000 1.000000 0.368192 0.983991 0.978015 26.712363 73.116230 72.649133 0.000000e+00
2.612000e+00 8.685889 8.685964 0.000 1.000000 0.368148 0.984197 0.978309 26.709256 73.132385 72.672209 0.000000e+00
2.497000e+00 8.685895 8.685967 0.000 1.000000 0.368104 0.984511 0.978684 26.706132 73.157014 72.701519 0.000000e+00
2.388000e+00 8.685901 8.685971 0.000 1.000000 0.368061 0.984725 0.978988 26.703052 73.173746 72.725378 0.000000e+00
2.283000e+00 8.685906 8.685975 0.000 1.000000 0.368018 0.984832 0.979220 26.699964 73.182221 72.743522 0.000000e+00
2.183000e+00 8.685912 8.685978 0.000 1.000000 0.367975 0.985161 0.979612 26.696906 73.207954 72.774228 0.000000e+00
2.088000e+00 8.685917 8.685981 0.000 1.000000 0.367932 0.985384 0.979852 26.693883 73.225454 72.792970 0.000000e+00
1.997000e+00 8.685922 8.685985 0.000 1.000000 0.367890 0.985497 0.980175 26.690871 73.234332 72.818317 0.000000e+00
1.909000e+00 8.685927 8.685988 0.000 1.000000 0.367847 0.985726 0.980422 26.687841 73.252262 72.837631 0.000000e+00
1.826000e+00 8.685932 8.685991 0.000 1.000000 0.367806 0.985959 0.980756 26.684869 73.270497 72.863775 0.000000e+00
1.746000e+00 8.685936 8.685994 0.000 1.000000 0.367764 0.986076 0.980925 26.681887 73.279747 72.877043 0.000000e+00
1.669000e+00 8.685941 8.685997 0.000 1.000000 0.367722 0.986315 0.981269 26.678903 73.298468 72.903932 0.000000e+00
1.596000e+00 8.685945 8.685999 0.000 1.000000 0.367681 0.986559 0.981531 26.675958 73.317528 72.924449 0.000000e+00
1.526000e+00 8.685950 8.686002 0.000 1.000000 0.367639 0.986806 0.981797 26.673023 73.336961 72.945286 0.000000e+00
1.460000e+00 8.685954 8.686005 0.000 1.000000 0.367599 0.986932 0.982067 26.670143 73.346835 72.966441 0.000000e+00
1.396000e+00 8.685958 8.686007 0.000 1.000000 0.367558 0.987188 0.982341 26.667238 73.366849 72.987938 0.000000e+00
1.335000e+00 8.685962 8.686010 0.000 1.000000 0.367518 0.987317 0.982621 26.664359 73.377031 73.009793 0.000000e+00
1.276000e+00 8.685966 8.686012 0.000 1.000000 0.367477 0.987581 0.982905 26.661461 73.397691 73.032024 0.000000e+00
1.220000e+00 8.685969 8.686014 0.000 1.000000 0.367437 0.987715 0.983097 26.658597 73.408202 73.047066 0.000000e+00
1.167000e+00 8.685973 8.686017 0.000 1.000000 0.367397 0.987851 0.983389 26.655781 73.418842 73.069968 0.000000e+00
1.116000e+00 8.685976 8.686019 0.000 1.000000 0.367358 0.987988 0.983587 26.652959 73.429597 73.085477 0.000000e+00
1.067000e+00 8.685980 8.686021 0.000 1.000000 0.367318 0.988267 0.983889 26.650143 73.451481 73.109112 0.000000e+00
1.020000e+00 8.685983 8.686023 0.000 1.000000 0.367279 0.988410 0.984094 26.647329 73.462637 73.125133 0.000000e+00
9.756000e-01 8.685986 8.686025 0.000 1.000000 0.367240 0.988554 0.984301 26.644564 73.473936 73.141373 0.000000e+00
9.329000e-01 8.685989 8.686027 0.000 1.000000 0.367201 0.988700 0.984511 26.641799 73.485384 73.157841 0.000000e+00
8.921000e-01 8.685992 8.686029 0.000 1.000000 0.367163 0.988848 0.984725 26.639051 73.496987 73.174546 0.000000e+00
8.531000e-01 8.685995 8.686031 0.000 1.000000 0.367124 0.988998 0.984941 26.636318 73.508752 73.191499 0.000000e+00
8.157000e-01 8.685998 8.686033 0.000 1.000000 0.367086 0.989150 0.985161 26.633593 73.520684 73.208711 0.000000e+00
7.800000e-01 8.686001 8.686034 0.000 1.000000 0.367048 0.989461 0.985384 26.630887 73.545055 73.226194 0.000000e+00
7.459000e-01 8.686003 8.686036 0.000 1.000000 0.367011 0.989461 0.985611 26.628195 73.545073 73.243951 0.000000e+00
7.132000e-01 8.686006 8.686038 0.000 1.000000 0.366973 0.989621 0.985842 26.625513 73.557555 73.262015 0.000000e+00
6.820000e-01 8.686009 8.686039 0.000 1.000000 0.366936 0.989947 0.986076 26.622852 73.583104 73.280390 0.000000e+00
6.522000e-01 8.686011 8.686041 0.000 1.000000 0.366899 0.989947 0.986195 26.620205 73.583122 73.289705 0.000000e+00
6.236000e-01 8.686013 8.686042 0.000 1.000000 0.366861 0.990114 0.986436 26.617562 73.596226 73.308571 0.000000e+00
5.963000e-01 8.686016 8.686044 0.000 1.000000 0.366825 0.990284 0.986682 26.614942 73.609572 73.327802 0.000000e+00
5.702000e-01 8.686018 8.686045 0.000 1.000000 0.366788 0.990458 0.986806 26.612333 73.623155 73.337561 0.000000e+00
5.453000e-01 8.686020 8.686046 0.000 1.000000 0.366752 0.990635 0.987059 26.609744 73.636996 73.357356 0.000000e+00
5.214000e-01 8.686022 8.686048 0.000 1.000000 0.366716 0.990635 0.987188 26.607159 73.637013 73.367415 0.000000e+00
4.986000e-01 8.686024 8.686049 0.000 1.000000 0.366680 0.990815 0.987317 26.604594 73.651128 73.377579 0.000000e+00
4.768000e-01 8.686026 8.686050 0.000 1.000000 0.366644 0.990999 0.987581 26.602044 73.665533 73.398221 0.000000e+00
4.559000e-01 8.686028 8.686051 0.000 1.000000 0.366608 0.991186 0.987715 26.599500 73.680247 73.408723 0.000000e+00
4.359000e-01 8.686030 8.686053 0.000 1.000000 0.366573 0.991186 0.987988 26.596968 73.680265 73.430075 0.000000e+00
4.169000e-01 8.686032 8.686054 0.000 1.000000 0.366538 0.991379 0.988127 26.594467 73.695308 73.440950 0.000000e+00
3.986000e-01 8.686033 8.686055 0.000 1.000000 0.366503 0.991379 0.988267 26.591957 73.695317 73.451950 0.000000e+00
3.812000e-01 8.686035 8.686056 0.000 1.000000 0.366468 0.991575 0.988410 26.589479 73.710712 73.463097 0.000000e+00
3.645000e-01 8.686037 8.686057 0.000 1.000000 0.366433 0.991776 0.988700 26.587004 73.726484 73.485809 0.000000e+00
3.485000e-01 8.686038 8.686058 0.000 1.000000 0.366399 0.991776 0.988700 26.584535 73.726493 73.485818 0.000000e+00
3.333000e-01 8.686040 8.686059 0.000 1.000000 0.366365 0.991983 0.988998 26.582098 73.742671 73.509150 0.000000e+00
3.187000e-01 8.686041 8.686060 0.000 1.000000 0.366330 0.991983 0.988998 26.579661 73.742680 73.509159 0.000000e+00
3.047000e-01 8.686043 8.686061 0.000 1.000000 0.366296 0.992195 0.989305 26.577232 73.759296 73.533164 0.000000e+00
2.914000e-01 8.686044 8.686062 0.000 1.000000 0.366263 0.992195 0.989461 26.574830 73.759305 73.545437 0.000000e+00
2.786000e-01 8.686046 8.686063 0.000 1.000000 0.366229 0.992413 0.989621 26.572428 73.776397 73.557910 0.000000e+00
2.665000e-01 8.686047 8.686063 0.000 1.000000 0.366196 0.992638 0.989782 26.570063 73.793999 73.570575 0.000000e+00
2.548000e-01 8.686048 8.686064 0.000 1.000000 0.366163 0.992638 0.989782 26.567685 73.794008 73.570584 0.000000e+00
2.436000e-01 8.686050 8.686065 0.000 1.000000 0.366130 0.992870 0.990114 26.565319 73.812186 73.596555 0.000000e+00
2.330000e-01 8.686051 8.686066 0.000 1.000000 0.366097 0.992870 0.990284 26.562988 73.812195 73.609883 0.000000e+00
2.228000e-01 8.686052 8.686067 0.000 1.000000 0.366064 0.992870 0.990284 26.560655 73.812204 73.609892 0.000000e+00
2.130000e-01 8.686053 8.686067 0.000 1.000000 0.366032 0.993110 0.990458 26.558323 73.830999 73.623465 0.000000e+00
2.037000e-01 8.686054 8.686068 0.000 1.000000 0.365999 0.993110 0.990635 26.556021 73.831008 73.637297 0.000000e+00
1.948000e-01 8.686055 8.686069 0.000 1.000000 0.365967 0.993110 0.990635 26.553730 73.831017 73.637306 0.000000e+00
1.863000e-01 8.686056 8.686069 0.000 1.000000 0.365935 0.993359 0.990815 26.551454 73.850505 73.651412 0.000000e+00
1.781000e-01 8.686057 8.686070 0.000 1.000000 0.365904 0.993359 0.990999 26.549170 73.850514 73.665809 0.000000e+00
1.703000e-01 8.686058 8.686071 0.000 1.000000 0.365872 0.993359 0.990999 26.546910 73.850523 73.665817 0.000000e+00
1.629000e-01 8.686059 8.686071 0.000 1.000000 0.365841 0.993618 0.991186 26.544680 73.870787 73.680523 0.000000e+00
1.557000e-01 8.686060 8.686072 0.000 1.000000 0.365809 0.993618 0.991379 26.542423 73.870796 73.695557 0.000000e+00
1.489000e-01 8.686061 8.686072 0.000 1.000000 0.365778 0.993888 0.991575 26.540206 73.891935 73.710943 0.000000e+00
1.424000e-01 8.686062 8.686073 0.000 1.000000 0.365747 0.993888 0.991575 26.538002 73.891944 73.710952 0.000000e+00
1.362000e-01 8.686063 8.686073 0.000 1.000000 0.365717 0.994171 0.991776 26.535815 73.914080 73.726715 0.000000e+00
1.302000e-01 8.686064 8.686074 0.000 1.000000 0.365686 0.994171 0.991983 26.533613 73.914089 73.742884 0.000000e+00
1.245000e-01 8.686065 8.686074 0.000 1.000000 0.365655 0.994469 0.992195 26.531438 73.937376 73.759492 0.000000e+00
1.191000e-01 8.686065 8.686075 0.000 1.000000 0.365625 0.994171 0.991983 26.529292 73.914098 73.742893 0.000000e+00
1.138000e-01 8.686066 8.686076 0.000 1.000000 0.365595 0.994171 0.992195 26.527103 73.914107 73.759501 0.000000e+00
1.089000e-01 8.686067 8.686076 0.000 1.000000 0.365565 0.994469 0.992413 26.524998 73.937394 73.776585 0.000000e+00
1.041000e-01 8.686068 8.686076 0.000 1.000000 0.365535 0.994783 0.992638 26.522854 73.962031 73.794186 0.000000e+00
9.954000e-02 8.686068 8.686077 0.000 1.000000 0.365505 0.994469 0.992638 26.520732 73.937403 73.794186 0.000000e+00
9.519000e-02 8.686069 8.686077 0.000 1.000000 0.365476 0.994783 0.992638 26.518630 73.962040 73.794195 0.000000e+00
9.102000e-02 8.686070 8.686078 0.000 1.000000 0.365447 0.994783 0.992870 26.516534 73.962049 73.812364 0.000000e+00
8.704000e-02 8.686070 8.686078 0.000 1.000000 0.365417 0.994783 0.992870 26.514449 73.962049 73.812364 0.000000e+00
8.323000e-02 8.686071 8.686078 0.000 1.000000 0.365388 0.995118 0.993110 26.512377 73.988297 73.831159 0.000000e+00
7.958000e-02 8.686072 8.686079 0.000 1.000000 0.365360 0.995118 0.993110 26.510312 73.988306 73.831168 0.000000e+00
7.610000e-02 8.686072 8.686079 0.000 1.000000 0.365331 0.995118 0.993110 26.508261 73.988306 73.831168 0.000000e+00
7.277000e-02 8.686073 8.686079 0.000 1.000000 0.365302 0.995479 0.993359 26.506222 74.016526 73.850657 0.000000e+00
6.958000e-02 8.686073 8.686080 0.000 1.000000 0.365274 0.995118 0.993359 26.504188 73.988315 73.850657 0.000000e+00
6.654000e-02 8.686074 8.686080 0.000 1.000000 0.365246 0.995479 0.993618 26.502175 74.016535 73.870921 0.000000e+00
6.363000e-02 8.686074 8.686081 0.000 1.000000 0.365218 0.995118 0.993618 26.500167 73.988324 73.870921 0.000000e+00
6.084000e-02 8.686075 8.686081 0.000 1.000000 0.365190 0.995479 0.993888 26.498168 74.016544 73.892060 0.000000e+00
5.818000e-02 8.686075 8.686081 0.000 1.000000 0.365162 0.995479 0.993888 26.496183 74.016544 73.892060 0.000000e+00
5.563000e-02 8.686076 8.686082 0.000 1.000000 0.365134 0.995479 0.993888 26.494206 74.016553 73.892069 0.000000e+00
5.320000e-02 8.686076 8.686082 0.000 1.000000 0.365107 0.995479 0.993888 26.492243 74.016553 73.892069 0.000000e+00
5.087000e-02 8.686077 8.686082 0.000 1.000000 0.365079 0.995871 0.994171 26.490289 74.047264 73.914205 0.000000e+00
4.864000e-02 8.686077 8.686082 0.000 1.000000 0.365052 0.995871 0.994171 26.488341 74.047264 73.914205 0.000000e+00
4.651000e-02 8.686077 8.686083 0.000 1.000000 0.365025 0.995479 0.994171 26.486405 74.016562 73.914205 0.000000e+00
4.448000e-02 8.686078 8.686083 0.000 1.000000 0.364998 0.995871 0.994468 26.484489 74.047273 73.937493 0.000000e+00
4.253000e-02 8.686078 8.686083 0.000 1.000000 0.364971 0.995871 0.994171 26.482571 74.047273 73.914214 0.000000e+00
4.067000e-02 8.686079 8.686083 0.000 1.000000 0.364945 0.996306 0.994468 26.480672 74.081272 73.937501 0.000000e+00
3.889000e-02 8.686079 8.686083 0.000 1.000000 0.364918 0.996306 0.994468 26.478778 74.081272 73.937501 0.000000e+00
3.719000e-02 8.686079 8.686084 0.000 1.000000 0.364892 0.995871 0.994468 26.476897 74.047282 73.937501 0.000000e+00
3.556000e-02 8.686080 8.686084 0.000 1.000000 0.364866 0.996306 0.994783 26.475023 74.081281 73.962138 0.000000e+00
3.400000e-02 8.686080 8.686084 0.000 1.000000 0.364840 0.996306 0.994783 26.473156 74.081281 73.962138 0.000000e+00
3.252000e-02 8.686080 8.686085 0.000 1.000000 0.364814 0.995871 0.994783 26.471312 74.047291 73.962138 0.000000e+00
3.109000e-02 8.686081 8.686085 0.000 1.000000 0.364788 0.996306 0.995118 26.469463 74.081290 73.988386 0.000000e+00
2.973000e-02 8.686081 8.686085 0.000 1.000000 0.364762 0.996306 0.995118 26.467630 74.081290 73.988386 0.000000e+00
2.843000e-02 8.686081 8.686085 0.000 1.000000 0.364737 0.996306 0.995118 26.465808 74.081290 73.988386 0.000000e+00
2.719000e-02 8.686082 8.686085 0.000 1.000000 0.364711 0.996799 0.995118 26.464004 74.119916 73.988395 0.000000e+00
2.600000e-02 8.686082 8.686085 0.000 1.000000 0.364686 0.996799 0.995118 26.462199 74.119916 73.988395 0.000000e+00
2.486000e-02 8.686082 8.686085 0.000 1.000000 0.364661 0.996799 0.995118 26.460401 74.119916 73.988395 0.000000e+00
2.377000e-02 8.686082 8.686086 0.000 1.000000 0.364636 0.996306 0.995118 26.458613 74.081299 73.988395 0.000000e+00
2.273000e-02 8.686083 8.686086 0.000 1.000000 0.364611 0.996799 0.995479 26.456841 74.119925 74.016616 0.000000e+00
2.173000e-02 8.686083 8.686086 0.000 1.000000 0.364586 0.996799 0.995479 26.455066 74.119925 74.016616 0.000000e+00
2.078000e-02 8.686083 8.686086 0.000 1.000000 0.364562 0.996799 0.995479 26.453312 74.119925 74.016616 0.000000e+00
1.987000e-02 8.686083 8.686086 0.000 1.000000 0.364537 0.996799 0.995479 26.451564 74.119925 74.016616 0.000000e+00
1.900000e-02 8.686084 8.686086 0.000 1.000000 0.364513 0.997385 0.995871 26.449828 74.165793 74.047327 0.000000e+00
1.817000e-02 8.686084 8.686086 0.000 1.000000 0.364489 0.997385 0.995871 26.448104 74.165793 74.047327 0.000000e+00
1.738000e-02 8.686084 8.686087 0.000 1.000000 0.364465 0.996799 0.995479 26.446396 74.119934 74.016625 0.000000e+00
1.662000e-02 8.686084 8.686087 0.000 1.000000 0.364441 0.996799 0.995479 26.444688 74.119934 74.016625 0.000000e+00
1.589000e-02 8.686084 8.686087 0.000 1.000000 0.364417 0.996799 0.995871 26.442981 74.119934 74.047327 0.000000e+00
1.519000e-02 8.686085 8.686087 0.000 1.000000 0.364394 0.997385 0.996306 26.441281 74.165802 74.081325 0.000000e+00
1.453000e-02 8.686085 8.686087 0.000 1.000000 0.364370 0.997385 0.996306 26.439611 74.165802 74.081325 0.000000e+00
1.389000e-02 8.686085 8.686087 0.000 1.000000 0.364347 0.997385 0.996306 26.437927 74.165802 74.081325 0.000000e+00
1.328000e-02 8.686085 8.686088 0.000 1.000000 0.364323 0.996799 0.995871 26.436256 74.119943 74.047336 0.000000e+00
1.270000e-02 8.686086 8.686088 0.000 1.000000 0.364300 0.997385 0.996306 26.434607 74.165811 74.081334 0.000000e+00
1.215000e-02 8.686086 8.686088 0.000 1.000000 0.364277 0.997385 0.996799 26.432978 74.165811 74.119952 0.000000e+00
1.162000e-02 8.686086 8.686088 0.000 1.000000 0.364255 0.997385 0.996799 26.431346 74.165811 74.119952 0.000000e+00
1.111000e-02 8.686086 8.686088 0.000 1.000000 0.364232 0.997385 0.996306 26.429712 74.165811 74.081334 0.000000e+00
1.062000e-02 8.686086 8.686088 0.000 1.000000 0.364209 0.997385 0.996799 26.428079 74.165811 74.119952 0.000000e+00
1.016000e-02 8.686086 8.686088 0.000 1.000000 0.364187 0.997385 0.996306 26.426485 74.165811 74.081334 0.000000e+00
9.712000e-03 8.686086 8.686088 0.000 1.000000 0.364164 0.997385 0.996306 26.424869 74.165811 74.081334 0.000000e+00
9.287000e-03 8.686086 8.686088 0.000 1.000000 0.364142 0.997385 0.995871 26.423275 74.165811 74.047345 0.000000e+00
8.880000e-03 8.686087 8.686088 0.000 1.000000 0.364119 0.998149 0.996799 26.421690 74.225670 74.119961 0.000000e+00
8.491000e-03 8.686087 8.686088 0.000 1.000000 0.364097 0.998149 0.996799 26.420111 74.225670 74.119961 0.000000e+00
8.120000e-03 8.686087 8.686088 0.000 1.000000 0.364075 0.998149 0.996799 26.418545 74.225670 74.119961 0.000000e+00
7.764000e-03 8.686087 8.686088 0.000 1.000000 0.364054 0.998149 0.996799 26.416982 74.225670 74.119961 0.000000e+00
7.425000e-03 8.686087 8.686088 0.000 1.000000 0.364032 0.998149 0.996799 26.415433 74.225670 74.119961 0.000000e+00
7.100000e-03 8.686087 8.686089 0.000 1.000000 0.364010 0.997385 0.997385 26.413889 74.165820 74.165820 0.000000e+00
6.789000e-03 8.686088 8.686089 0.000 1.000000 0.363989 0.998149 0.997385 26.412356 74.225679 74.165829 0.000000e+00
6.492000e-03 8.686088 8.686089 0.000 1.000000 0.363967 0.998149 0.996799 26.410829 74.225679 74.119970 0.000000e+00
6.208000e-03 8.686088 8.686089 0.000 1.000000 0.363946 0.998149 0.996799 26.409311 74.225679 74.119970 0.000000e+00
5.936000e-03 8.686088 8.686090 0.000 1.000000 0.363925 0.997385 0.997385 26.407798 74.165829 74.165829 0.000000e+00
5.676000e-03 8.686088 8.686089 0.000 1.000000 0.363904 0.998149 0.996799 26.406294 74.225679 74.119970 0.000000e+00
5.428000e-03 8.686088 8.686089 0.000 1.000000 0.363883 0.998149 0.997385 26.404802 74.225679 74.165829 0.000000e+00
5.190000e-03 8.686088 8.686089 0.000 1.000000 0.363862 0.998149 0.997385 26.403312 74.225679 74.165829 0.000000e+00
4.963000e-03 8.686088 8.686089 0.000 1.000000 0.363842 0.998149 0.997385 26.401834 74.225679 74.165829 0.000000e+00
4.746000e-03 8.686088 8.686089 0.000 1.000000 0.363821 0.998149 0.997385 26.400365 74.225679 74.165829 0.000000e+00
4.538000e-03 8.686088 8.686090 0.000 1.000000 0.363801 0.997385 0.997385 26.398900 74.165829 74.165829 0.000000e+00
4.339000e-03 8.686089 8.686089 0.000 1.000000 0.363780 1.000000 0.998149 26.397445 74.370574 74.225688 0.000000e+00
4.149000e-03 8.686089 8.686089 0.000 1.000000 0.363760 1.000000 1.000000 26.395997 74.370574 74.370574 0.000000e+00
3.968000e-03 8.686088 8.686089 0.000 1.000000 0.363740 0.998149 0.997385 26.394559 74.225679 74.165829 0.000000e+00
3.794000e-03 8.686089 8.686090 0.000 1.000000 0.363720 0.998149 0.997385 26.393127 74.225688 74.165838 0.000000e+00
3.628000e-03 8.686089 8.686090 0.000 1.000000 0.363700 0.998149 0.998149 26.391704 74.225688 74.225688 0.000000e+00
3.469000e-03 8.686089 8.686089 0.000 1.000000 0.363680 1.000000 0.997385 26.390285 74.370574 74.165838 0.000000e+00
3.317000e-03 8.686089 8.686089 0.000 1.000000 0.363660 1.000000 0.997385 26.388875 74.370574 74.165838 0.000000e+00
3.172000e-03 8.686089 8.686090 0.000 1.000000 0.363641 0.998149 0.997385 26.387475 74.225688 74.165838 0.000000e+00
3.033000e-03 8.686089 8.686090 0.000 1.000000 0.363621 0.998149 0.998149 26.386079 74.225688 74.225688 0.000000e+00
2.901000e-03 8.686089 8.686090 0.000 1.000000 0.363602 0.998149 0.997385 26.384701 74.225688 74.165838 0.000000e+00
2.774000e-03 8.686090 8.686090 0.000 1.000000 0.363583 1.000000 1.000000 26.383324 74.370583 74.370583 0.000000e+00
2.652000e-03 8.686090 8.686090 0.000 1.000000 0.363563 1.000000 0.998149 26.381946 74.370583 74.225697 0.000000e+00
2.536000e-03 8.686089 8.686090 0.000 1.000000 0.363544 0.998149 0.998149 26.380580 74.225688 74.225688 0.000000e+00
2.425000e-03 8.686089 8.686089 0.000 1.000000 0.363525 1.000000 1.000000 26.379223 74.370574 74.370574 0.000000e+00
2.319000e-03 8.686089 8.686090 0.000 1.000000 0.363506 0.998149 0.998149 26.377875 74.225688 74.225688 0.000000e+00
2.218000e-03 8.686089 8.686091 0.000 1.000000 0.363488 0.997385 0.997385 26.376539 74.165838 74.165838 0.000000e+00
2.121000e-03 8.686090 8.686090 0.000 1.000000 0.363469 1.000000 0.998149 26.375208 74.370583 74.225697 0.000000e+00
2.028000e-03 8.686090 8.686090 0.000 1.000000 0.363450 1.000000 1.000000 26.373877 74.370583 74.370583 0.000000e+00
1.939000e-03 8.686089 8.686091 0.000 1.000000 0.363432 0.997385 0.996799 26.372549 74.165838 74.119979 0.000000e+00
1.854000e-03 8.686089 8.686090 0.000 1.000000 0.363414 0.998149 0.996799 26.371233 74.225688 74.119979 0.000000e+00
1.773000e-03 8.686090 8.686090 0.000 1.000000 0.363395 1.000000 0.996799 26.369932 74.370583 74.119988 0.000000e+00
1.695000e-03 8.686089 8.686091 0.000 1.000000 0.363377 0.997385 0.998149 26.368622 74.165838 74.225688 0.000000e+00
1.621000e-03 8.686090 8.686091 0.000 1.000000 0.363359 0.998149 0.997385 26.367336 74.225697 74.165847 0.000000e+00
1.550000e-03 8.686090 8.686091 0.000 1.000000 0.363341 0.998149 1.000000 26.366049 74.225697 74.370583 0.000000e+00
1.482000e-03 8.686091 8.686091 0.000 1.000000 0.363323 1.000000 0.998149 26.364770 74.370592 74.225706 0.000000e+00
1.417000e-03 8.686090 8.686091 0.000 1.000000 0.363305 0.998149 1.000000 26.363492 74.225697 74.370583 0.000000e+00
1.355000e-03 8.686090 8.686092 0.000 1.000000 0.363287 0.997385 0.997385 26.362227 74.165847 74.165847 0.000000e+00
1.296000e-03 8.686090 8.686091 0.000 1.000000 0.363270 0.998149 0.995871 26.360975 74.225697 74.047381 0.000000e+00
1.239000e-03 8.686090 8.686091 0.000 1.000000 0.363252 0.998149 0.995871 26.359717 74.225697 74.047381 0.000000e+00
1.185000e-03 8.686090 8.686090 0.000 1.000000 0.363235 1.000000 0.997385 26.358477 74.370583 74.165847 0.000000e+00
1.133000e-03 8.686089 8.686091 0.000 1.000000 0.363218 0.997385 0.995479 26.357232 74.165838 74.016669 0.000000e+00
1.084000e-03 8.686090 8.686090 0.000 1.000000 0.363201 1.000000 0.998149 26.356018 74.370583 74.225697 0.000000e+00
1.036000e-03 8.686091 8.686090 0.000 1.000000 0.363183 1.000000 1.000000 26.354781 74.370592 74.370592 0.000000e+00
9.909000e-04 8.686091 8.686090 0.000 1.000000 0.363166 1.000000 1.000000 26.353570 74.370592 74.370592 0.000000e+00
9.475000e-04 8.686091 8.686091 0.000 1.000000 0.363149 1.000000 0.998149 26.352357 74.370592 74.225706 0.000000e+00
9.060000e-04 8.686091 8.686091 0.000 1.000000 0.363132 1.000000 0.998149 26.351150 74.370592 74.225706 0.000000e+00
8.664000e-04 8.686090 8.686091 0.000 1.000000 0.363116 0.998149 0.995118 26.349950 74.225697 73.988467 0.000000e+00
8.285000e-04 8.686090 8.686093 0.000 1.000000 0.363099 0.996799 0.997385 26.348757 74.119988 74.165847 0.000000e+00
7.922000e-04 8.686090 8.686090 0.000 1.000000 0.363082 1.000000 0.998149 26.347570 74.370583 74.225697 0.000000e+00
7.575000e-04 8.686090 8.686092 0.000 1.000000 0.363066 0.997385 0.996799 26.346389 74.165847 74.119988 0.000000e+00
7.244000e-04 8.686091 8.686090 0.000 1.000000 0.363049 1.000000 1.000000 26.345220 74.370592 74.370592 0.000000e+00
6.927000e-04 8.686090 8.686091 0.000 1.000000 0.363033 0.998149 1.000000 26.344050 74.225697 74.370583 0.000000e+00
6.623000e-04 8.686089 8.686091 0.000 1.000000 0.363017 0.997385 1.000000 26.342883 74.165838 74.370574 0.000000e+00
6.334000e-04 8.686090 8.686091 0.000 1.000000 0.363001 0.998149 0.997385 26.341734 74.225697 74.165847 0.000000e+00
6.056000e-04 8.686091 8.686090 0.000 1.000000 0.362985 1.000000 0.998149 26.340585 74.370592 74.225706 0.000000e+00
5.791000e-04 8.686090 8.686091 0.000 1.000000 0.362969 0.998149 1.000000 26.339440 74.225697 74.370583 0.000000e+00
5.538000e-04 8.686091 8.686092 0.000 1.000000 0.362953 0.998149 1.000000 26.338309 74.225706 74.370592 0.000000e+00
5.295000e-04 8.686091 8.686092 0.000 1.000000 0.362937 0.998149 0.996306 26.337175 74.225706 74.081379 0.000000e+00
5.064000e-04 8.686091 8.686091 0.000 1.000000 0.362921 1.000000 0.995871 26.336055 74.370592 74.047390 0.000000e+00
4.842000e-04 8.686090 8.686091 0.000 1.000000 0.362906 0.998149 0.998149 26.334932 74.225697 74.225697 0.000000e+00
4.630000e-04 8.686091 8.686090 0.000 1.000000 0.362890 1.000000 1.000000 26.333822 74.370592 74.370592 0.000000e+00
4.427000e-04 8.686090 8.686090 0.000 1.000000 0.362875 1.000000 0.995479 26.332711 74.370583 74.016678 0.000000e+00
4.234000e-04 8.686091 8.686091 0.000 1.000000 0.362859 1.000000 0.996799 26.331618 74.370592 74.119997 0.000000e+00
4.048000e-04 8.686090 8.686092 0.000 1.000000 0.362844 0.997385 0.998149 26.330516 74.165847 74.225697 0.000000e+00
3.871000e-04 8.686089 8.686090 0.000 1.000000 0.362829 0.998149 0.996306 26.329426 74.225688 74.081361 0.000000e+00
3.702000e-04 8.686090 8.686092 0.000 1.000000 0.362813 0.997385 0.994783 26.328349 74.165847 73.962228 0.000000e+00
3.540000e-04 8.686091 8.686091 0.000 1.000000 0.362798 1.000000 0.998149 26.327275 74.370592 74.225706 0.000000e+00
3.385000e-04 8.686091 8.686091 0.000 1.000000 0.362783 1.000000 0.998149 26.326203 74.370592 74.225706 0.000000e+00
3.237000e-04 8.686091 8.686091 0.000 1.000000 0.362769 1.000000 0.996799 26.325139 74.370592 74.119997 0.000000e+00
3.095000e-04 8.686092 8.686094 0.000 1.000000 0.362754 0.997385 0.995871 26.324080 74.165865 74.047399 0.000000e+00
2.960000e-04 8.686092 8.686091 0.000 1.000000 0.362739 1.000000 0.997385 26.323030 74.370601 74.165865 0.000000e+00
2.830000e-04 8.686093 8.686091 0.000 1.000000 0.362724 1.000000 1.000000 26.321980 74.370610 74.370610 0.000000e+00
2.706000e-04 8.686091 8.686089 0.000 1.000000 0.362710 1.000000 0.995871 26.320930 74.370592 74.047390 0.000000e+00
2.588000e-04 8.686092 8.686091 0.000 1.000000 0.362695 1.000000 0.998149 26.319900 74.370601 74.225715 0.000000e+00
2.474000e-04 8.686090 8.686090 0.000 1.000000 0.362681 1.000000 0.998149 26.318856 74.370583 74.225697 0.000000e+00
2.366000e-04 8.686092 8.686090 0.000 1.000000 0.362666 1.000000 0.998149 26.317838 74.370601 74.225715 0.000000e+00
2.263000e-04 8.686090 8.686094 0.000 1.000000 0.362652 0.996306 0.994468 26.316817 74.081370 73.937600 0.000000e+00
2.164000e-04 8.686091 8.686092 0.000 1.000000 0.362638 0.998149 0.995118 26.315806 74.225706 73.988476 0.000000e+00
2.069000e-04 8.686095 8.686092 0.000 1.000000 0.362624 1.000000 0.997385 26.314805 74.370628 74.165892 0.000000e+00
1.978000e-04 8.686095 8.686093 0.000 1.000000 0.362610 1.000000 0.996799 26.313795 74.370628 74.120033 0.000000e+00
1.892000e-04 8.686092 8.686096 0.000 1.000000 0.362596 0.996306 0.995871 26.312794 74.081388 74.047399 0.000000e+00
1.809000e-04 8.686094 8.686093 0.000 1.000000 0.362582 1.000000 0.993618 26.311804 74.370619 73.871099 0.000000e+00
1.730000e-04 8.686091 8.686094 0.000 1.000000 0.362568 0.996799 0.993888 26.310810 74.119997 73.892203 0.000000e+00
1.654000e-04 8.686089 8.686091 0.000 1.000000 0.362554 0.997385 0.994171 26.309817 74.165838 73.914312 0.000000e+00
1.582000e-04 8.686091 8.686090 0.000 1.000000 0.362541 1.000000 0.995479 26.308851 74.370592 74.016687 0.000000e+00
1.512000e-04 8.686091 8.686093 0.000 1.000000 0.362527 0.997385 0.994783 26.307867 74.165856 73.962236 0.000000e+00
1.446000e-04 8.686092 8.686090 0.000 1.000000 0.362513 1.000000 0.995479 26.306906 74.370601 74.016696 0.000000e+00
1.383000e-04 8.686097 8.686091 0.000 1.000000 0.362500 1.000000 1.000000 26.305963 74.370646 74.370646 0.000000e+00
1.322000e-04 8.686092 8.686095 0.000 1.000000 0.362486 0.996799 0.994171 26.304984 74.120006 73.914339 0.000000e+00
1.265000e-04 8.686091 8.686096 0.000 1.000000 0.362473 0.995871 0.992413 26.304043 74.047390 73.776798 0.000000e+00
1.209000e-04 8.686094 8.686097 0.000 1.000000 0.362460 0.996799 0.991575 26.303095 74.120024 73.711236 0.000000e+00
1.156000e-04 8.686092 8.686095 0.000 1.000000 0.362447 0.996799 0.993888 26.302146 74.120006 73.892212 0.000000e+00
1.106000e-04 8.686089 8.686096 0.000 1.000000 0.362434 0.995118 0.990815 26.301211 73.988458 73.651705 0.000000e+00
1.057000e-04 8.686089 8.686095 0.000 1.000000 0.362421 0.995479 0.991379 26.300268 74.016669 73.695815 0.000000e+00
1.011000e-04 8.686092 8.686095 0.000 1.000000 0.362408 0.996799 0.991575 26.299356 74.120006 73.711218 0.000000e+00
9.667000e-05 8.686092 8.686096 0.000 1.000000 0.362395 0.996306 0.995118 26.298433 74.081388 73.988485 0.000000e+00
9.244000e-05 8.686090 8.686095 0.000 1.000000 0.362382 0.995871 0.992638 26.297511 74.047381 73.794382 0.000000e+00
8.840000e-05 8.686089 8.686099 0.000 1.000000 0.362369 0.994171 0.991983 26.296598 73.914312 73.743107 0.000000e+00
8.453000e-05 8.686094 8.686099 0.000 1.000000 0.362357 0.995871 0.991983 26.295706 74.047416 73.743151 0.000000e+00
8.083000e-05 8.686096 8.686091 0.000 1.000000 0.362344 1.000000 0.993888 26.294810 74.370637 73.892247 0.000000e+00
7.729000e-05 8.686091 8.686100 0.000 1.000000 0.362331 0.994468 0.989150 26.293897 73.937609 73.521508 0.000000e+00
7.391000e-05 8.686088 8.686098 0.000 1.000000 0.362319 0.994171 0.989150 26.292997 73.914303 73.521481 0.000000e+00
7.067000e-05 8.686096 8.686096 0.000 1.000000 0.362306 1.000000 0.992638 26.292131 74.370637 73.794436 0.000000e+00
6.758000e-05 8.686095 8.686099 0.000 1.000000 0.362294 0.996306 0.990999 26.291247 74.081415 73.666146 0.000000e+00
6.462000e-05 8.686093 8.686097 0.000 1.000000 0.362282 0.996306 0.990634 26.290362 74.081397 73.637644 0.000000e+00
6.179000e-05 8.686094 8.686099 0.000 1.000000 0.362270 0.995871 0.988700 26.289491 74.047416 73.486314 0.000000e+00
5.909000e-05 8.686099 8.686096 0.000 1.000000 0.362257 1.000000 0.989461 26.288639 74.370664 73.545924 0.000000e+00
5.650000e-05 8.686092 8.686097 0.000 1.000000 0.362245 0.995871 0.993618 26.287753 74.047399 73.871082 0.000000e+00
5.403000e-05 8.686091 8.686099 0.000 1.000000 0.362233 0.994783 0.991186 26.286891 73.962236 73.680807 0.000000e+00
5.166000e-05 8.686094 8.686104 0.000 1.000000 0.362221 0.994171 0.989150 26.286044 73.914357 73.521534 0.000000e+00
4.940000e-05 8.686097 8.686096 0.000 1.000000 0.362209 1.000000 0.993359 26.285203 74.370646 73.850871 0.000000e+00
4.724000e-05 8.686095 8.686094 0.000 1.000000 0.362198 1.000000 0.991776 26.284352 74.370628 73.727000 0.000000e+00
4.517000e-05 8.686089 8.686109 0.000 1.000000 0.362186 0.991776 0.987449 26.283492 73.726946 73.388409 0.000000e+00
4.320000e-05 8.686097 8.686110 0.000 1.000000 0.362174 0.993359 0.986436 26.282682 73.850871 73.309312 0.000000e+00
4.130000e-05 8.686094 8.686106 0.000 1.000000 0.362162 0.993618 0.988700 26.281837 73.871099 73.486314 0.000000e+00
3.950000e-05 8.686092 8.686102 0.000 1.000000 0.362151 0.994171 0.986932 26.281007 73.914339 73.348053 0.000000e+00
3.777000e-05 8.686091 8.686113 0.000 1.000000 0.362139 0.991379 0.986932 26.280180 73.695832 73.348045 0.000000e+00
3.612000e-05 8.686098 8.686101 0.000 1.000000 0.362128 0.996799 0.988998 26.279384 74.120060 73.509664 0.000000e+00
3.453000e-05 8.686098 8.686098 0.000 1.000000 0.362116 1.000000 0.989150 26.278565 74.370655 73.521570 0.000000e+00
3.302000e-05 8.686096 8.686103 0.000 1.000000 0.362105 0.995118 0.989782 26.277750 73.988521 73.571009 0.000000e+00
3.158000e-05 8.686097 8.686100 0.000 1.000000 0.362094 0.996799 0.987188 26.276950 74.120051 73.368077 0.000000e+00
3.020000e-05 8.686096 8.686112 0.000 1.000000 0.362083 0.992638 0.985272 26.276147 73.794436 73.218268 0.000000e+00
2.887000e-05 8.686106 8.686110 0.000 1.000000 0.362071 0.996306 0.987188 26.275374 74.081514 73.368156 0.000000e+00
2.761000e-05 8.686103 8.686116 0.000 1.000000 0.362060 0.993359 0.987851 26.274575 73.850924 73.419991 0.000000e+00
2.640000e-05 8.686100 8.686113 0.000 1.000000 0.362049 0.993359 0.984301 26.273776 73.850898 73.142375 0.000000e+00
2.525000e-05 8.686097 8.686120 0.000 1.000000 0.362038 0.991186 0.982434 26.272987 73.680860 72.996389 0.000000e+00
2.414000e-05 8.686099 8.686111 0.000 1.000000 0.362027 0.993618 0.983788 26.272209 73.871144 73.102239 0.000000e+00
2.308000e-05 8.686099 8.686102 0.000 1.000000 0.362017 0.996799 0.985384 26.271431 74.120069 73.227057 0.000000e+00
2.207000e-05 8.686097 8.686104 0.000 1.000000 0.362006 0.995118 0.985161 26.270653 73.988529 73.209583 0.000000e+00
2.111000e-05 8.686100 8.686115 0.000 1.000000 0.361995 0.992870 0.984617 26.269899 73.812632 73.167126 0.000000e+00
2.018000e-05 8.686106 8.686105 0.000 1.000000 0.361984 1.000000 0.986682 26.269148 74.370727 73.328596 0.000000e+00
1.930000e-05 8.686116 8.686115 0.000 1.000000 0.361974 1.000000 0.992413 26.268422 74.370817 73.777021 0.000000e+00
1.846000e-05 8.686102 8.686121 0.000 1.000000 0.361963 0.991983 0.983687 26.267629 73.743223 73.094399 0.000000e+00
1.765000e-05 8.686113 8.686131 0.000 1.000000 0.361953 0.992195 0.981886 26.266908 73.759919 72.953716 0.000000e+00
1.688000e-05 8.686112 8.686123 0.000 1.000000 0.361942 0.993888 0.982067 26.266160 73.892390 72.967825 0.000000e+00
1.614000e-05 8.686113 8.686123 0.000 1.000000 0.361932 0.994171 0.983587 26.265419 73.914527 73.086680 0.000000e+00
1.543000e-05 8.686101 8.686130 0.000 1.000000 0.361921 0.990114 0.979851 26.264640 73.597007 72.794576 0.000000e+00
1.476000e-05 8.686104 8.686128 0.000 1.000000 0.361911 0.990999 0.979220 26.263919 73.666226 72.745248 0.000000e+00
1.411000e-05 8.686106 8.686123 0.000 1.000000 0.361901 0.992413 0.978235 26.263189 73.776932 72.668310 0.000000e+00
1.349000e-05 8.686111 8.686120 0.000 1.000000 0.361891 0.994468 0.981619 26.262474 73.937787 72.932797 0.000000e+00
1.290000e-05 8.686106 8.686136 0.000 1.000000 0.361881 0.989947 0.981531 26.261736 73.583964 72.925858 0.000000e+00
1.234000e-05 8.686122 8.686142 0.000 1.000000 0.361871 0.991776 0.977652 26.261070 73.727240 72.622888 0.000000e+00
1.180000e-05 8.686121 8.686131 0.000 1.000000 0.361861 0.994171 0.981268 26.260351 73.914598 72.905507 0.000000e+00
1.128000e-05 8.686114 8.686131 0.000 1.000000 0.361851 0.992413 0.980756 26.259613 73.777003 72.865366 0.000000e+00
1.079000e-05 8.686119 8.686160 0.000 1.000000 0.361841 0.988267 0.976600 26.258925 73.452711 72.540699 0.000000e+00
1.031000e-05 8.686119 8.686162 0.000 1.000000 0.361831 0.987988 0.973713 26.258209 73.430862 72.315178 0.000000e+00
9.863000e-06 8.686134 8.686145 0.000 1.000000 0.361821 0.993888 0.977015 26.257560 73.892587 72.573211 0.000000e+00
9.432000e-06 8.686136 8.686151 0.000 1.000000 0.361811 0.992870 0.977155 26.256870 73.812953 72.584162 0.000000e+00
9.019000e-06 8.686109 8.686167 0.000 1.000000 0.361802 0.986076 0.973895 26.256096 73.281272 72.329290 0.000000e+00
8.624000e-06 8.686115 8.686158 0.000 1.000000 0.361792 0.987988 0.972477 26.255424 73.430826 72.218590 0.000000e+00
8.247000e-06 8.686131 8.686142 0.000 1.000000 0.361782 0.993888 0.975208 26.254787 73.892560 72.432031 0.000000e+00
7.886000e-06 8.686114 8.686156 0.000 1.000000 0.361773 0.988127 0.975016 26.254054 73.441675 72.416877 0.000000e+00
7.541000e-06 8.686116 8.686165 0.000 1.000000 0.361763 0.987188 0.973295 26.253382 73.368245 72.282428 0.000000e+00
7.211000e-06 8.686132 8.686180 0.000 1.000000 0.361754 0.987317 0.972883 26.252755 73.378533 72.250390 0.000000e+00
6.895000e-06 8.686151 8.686186 0.000 1.000000 0.361744 0.989150 0.972824 26.252139 73.522039 72.246001 0.000000e+00
6.593000e-06 8.686131 8.686185 0.000 1.000000 0.361735 0.986558 0.974201 26.251412 73.319169 72.353386 0.000000e+00
6.305000e-06 8.686144 8.686236 0.000 1.000000 0.361726 0.982527 0.968735 26.250788 73.004074 71.926605 0.000000e+00
6.029000e-06 8.686142 8.686222 0.000 1.000000 0.361717 0.983687 0.967752 26.250121 73.094750 71.849875 0.000000e+00
5.765000e-06 8.686136 8.686213 0.000 1.000000 0.361707 0.983991 0.968486 26.249446 73.118453 71.907111 0.000000e+00
5.512000e-06 8.686138 8.686189 0.000 1.000000 0.361698 0.986932 0.968239 26.248797 73.348459 71.887870 0.000000e+00
5.271000e-06 8.686129 8.686226 0.000 1.000000 0.361689 0.982067 0.964853 26.248121 72.967974 71.623455 0.000000e+00
5.040000e-06 8.686143 8.686207 0.000 1.000000 0.361680 0.985384 0.966337 26.247515 73.227444 71.739423 0.000000e+00
4.820000e-06 8.686159 8.686189 0.000 1.000000 0.361671 0.989947 0.969649 26.246922 73.584434 71.998118 0.000000e+00
4.609000e-06 8.686157 8.686209 0.000 1.000000 0.361662 0.986806 0.967273 26.246276 73.338788 71.812596 0.000000e+00
4.407000e-06 8.686147 8.686239 0.000 1.000000 0.361653 0.982527 0.964897 26.245609 73.004100 71.627039 0.000000e+00
4.214000e-06 8.686170 8.686230 0.000 1.000000 0.361644 0.985842 0.964634 26.245045 73.263460 71.606721 0.000000e+00
4.030000e-06 8.686193 8.686263 0.000 1.000000 0.361636 0.984724 0.963815 26.244486 73.176314 71.543050 0.000000e+00
3.853000e-06 8.686180 8.686238 0.000 1.000000 0.361627 0.986076 0.965699 26.243819 73.281898 71.689911 0.000000e+00
3.685000e-06 8.686165 8.686257 0.000 1.000000 0.361618 0.982527 0.961794 26.243154 73.004258 71.385114 0.000000e+00
3.524000e-06 8.686165 8.686273 0.000 1.000000 0.361609 0.981096 0.960038 26.242536 72.892404 71.248118 0.000000e+00
3.369000e-06 8.686172 8.686236 0.000 1.000000 0.361601 0.985384 0.961278 26.241938 73.227700 71.344878 0.000000e+00
3.222000e-06 8.686164 8.686240 0.000 1.000000 0.361592 0.984093 0.962197 26.241303 73.126723 71.416523 0.000000e+00
3.081000e-06 8.686132 8.686295 0.000 1.000000 0.361584 0.976876 0.958004 26.240599 72.562331 71.089118 0.000000e+00
2.946000e-06 8.686172 8.686303 0.000 1.000000 0.361575 0.979220 0.957645 26.240111 72.745841 71.061521 0.000000e+00
2.817000e-06 8.686204 8.686283 0.000 1.000000 0.361567 0.983788 0.960153 26.239603 73.103161 71.257370 0.000000e+00
2.694000e-06 8.686208 8.686313 0.000 1.000000 0.361558 0.981355 0.959547 26.239017 72.913061 71.210149 0.000000e+00
2.576000e-06 8.686189 8.686358 0.000 1.000000 0.361550 0.976464 0.956799 26.238364 72.530649 70.995697 0.000000e+00
2.463000e-06 8.686221 8.686372 0.000 1.000000 0.361542 0.977724 0.953751 26.237864 72.629374 70.758241 0.000000e+00
2.355000e-06 8.686244 8.686358 0.000 1.000000 0.361533 0.980588 0.955195 26.237342 72.853391 70.871065 0.000000e+00
2.252000e-06 8.686257 8.686353 0.000 1.000000 0.361525 0.982158 0.956695 26.236794 72.976211 70.988126 0.000000e+00
2.154000e-06 8.686216 8.686358 0.000 1.000000 0.361517 0.978383 0.955296 26.236092 72.680864 70.878662 0.000000e+00
2.059000e-06 8.686212 8.686391 0.000 1.000000 0.361509 0.975794 0.955162 26.235495 72.478526 70.868191 0.000000e+00
1.969000e-06 8.686272 8.686375 0.000 1.000000 0.361501 0.981530 0.957220 26.235096 72.927310 71.029193 0.000000e+00
1.883000e-06 8.686227 8.686373 0.000 1.000000 0.361493 0.978088 0.955666 26.234390 72.657851 70.907644 0.000000e+00
1.801000e-06 8.686222 8.686420 0.000 1.000000 0.361485 0.974574 0.955497 26.233806 72.383271 70.894437 0.000000e+00
1.722000e-06 8.686271 8.686484 0.000 1.000000 0.361477 0.973653 0.957185 26.233382 72.311782 71.026438 0.000000e+00
1.646000e-06 8.686326 8.686410 0.000 1.000000 0.361469 0.983291 0.959173 26.232976 73.065396 71.182012 0.000000e+00
1.574000e-06 8.686292 8.686458 0.000 1.000000 0.361461 0.976669 0.957931 26.232313 72.547556 71.084857 0.000000e+00
1.505000e-06 8.686294 8.686534 0.000 1.000000 0.361453 0.972078 0.958003 26.231759 72.188978 71.090482 0.000000e+00
1.440000e-06 8.686316 8.686572 0.000 1.000000 0.361446 0.971189 0.958804 26.231276 72.119714 71.153093 0.000000e+00
1.377000e-06 8.686353 8.686517 0.000 1.000000 0.361438 0.976806 0.960191 26.230833 72.558845 71.261609 0.000000e+00
1.316000e-06 8.686329 8.686545 0.000 1.000000 0.361430 0.973473 0.959285 26.230205 72.298224 71.190746 0.000000e+00
1.259000e-06 8.686312 8.686573 0.000 1.000000 0.361422 0.970917 0.958657 26.229613 72.098450 71.141607 0.000000e+00
1.204000e-06 8.686334 8.686570 0.000 1.000000 0.361415 0.972305 0.959472 26.229135 72.207066 71.205362 0.000000e+00
1.151000e-06 8.686359 8.686543 0.000 1.000000 0.361407 0.975466 0.960421 26.228664 72.454214 71.279611 0.000000e+00
1.101000e-06 8.686377 8.686621 0.000 1.000000 0.361400 0.971853 0.961120 26.228184 72.172105 71.334336 0.000000e+00
1.052000e-06 8.686328 8.686686 0.000 1.000000 0.361392 0.966107 0.959248 26.227493 71.723086 71.187831 0.000000e+00
1.006000e-06 8.686427 8.686684 0.000 1.000000 0.361385 0.971134 0.963141 26.227255 72.116406 71.492479 0.000000e+00
9.623000e-07 8.686461 8.686689 0.000 1.000000 0.361377 0.972766 0.964590 26.226830 72.244133 71.605796 0.000000e+00
9.202000e-07 8.686447 8.686736 0.000 1.000000 0.361370 0.969443 0.963985 26.226262 71.984523 71.558522 0.000000e+00
8.799000e-07 8.686454 8.686852 0.000 1.000000 0.361363 0.964329 0.964286 26.225758 71.585418 71.582048 0.000000e+00
8.414000e-07 8.686504 8.686830 0.000 1.000000 0.361355 0.967607 0.966521 26.225386 71.841685 71.756936 0.000000e+00
8.046000e-07 8.686502 8.686806 0.000 1.000000 0.361348 0.968684 0.966429 26.224861 71.925775 71.749692 0.000000e+00
7.694000e-07 8.686452 8.686811 0.000 1.000000 0.361341 0.966061 0.964200 26.224197 71.720578 71.575304 0.000000e+00
7.357000e-07 8.686495 8.686922 0.000 1.000000 0.361334 0.963100 0.966107 26.223811 71.489807 71.724512 0.000000e+00
7.035000e-07 8.686525 8.686853 0.000 1.000000 0.361326 0.967511 0.967511 26.223390 71.834371 71.834371 0.000000e+00
6.727000e-07 8.686554 8.686853 0.000 1.000000 0.361319 0.968935 0.968935 26.222969 71.945784 71.945784 0.000000e+00
6.432000e-07 8.686605 8.686853 0.000 1.000000 0.361312 0.971629 0.971629 26.222614 72.156633 72.156633 0.000000e+00
6.151000e-07 8.686549 8.686853 0.000 1.000000 0.361305 0.968684 0.968684 26.221947 71.926178 71.926178 0.000000e+00
5.882000e-07 8.686619 8.686853 0.000 1.000000 0.361298 0.972419 0.972419 26.221656 72.218455 72.218455 0.000000e+00
5.624000e-07 8.686687 8.686853 0.000 1.000000 0.361291 0.976668 0.976668 26.221360 72.550985 72.550985 0.000000e+00
5.378000e-07 8.686672 8.686853 0.000 1.000000 0.361284 0.975662 0.975662 26.220821 72.472234 72.472234 0.000000e+00
5.143000e-07 8.686631 8.686853 0.000 1.000000 0.361278 0.973116 0.973116 26.220209 72.273019 72.273019 0.000000e+00
4.918000e-07 8.686694 8.686853 0.000 1.000000 0.361271 0.977154 0.977154 26.219907 72.589011 72.589011 0.000000e+00
4.702000e-07 8.686751 8.686853 0.000 1.000000 0.361264 0.981618 0.981618 26.219589 72.938399 72.938399 0.000000e+00
4.497000e-07 8.686722 8.686853 0.000 1.000000 0.361257 0.979219 0.979219 26.219021 72.750636 72.750636 0.000000e+00
4.300000e-07 8.686718 8.686853 0.000 1.000000 0.361250 0.978911 0.978911 26.218527 72.726512 72.726512 0.000000e+00
4.112000e-07 8.686761 8.686853 0.000 1.000000 0.361244 0.982526 0.982526 26.218177 73.009482 73.009482 0.000000e+00
3.932000e-07 8.686890 8.686853 0.000 1.000000 0.361237 1.000000 1.000000 26.218085 74.377794 74.377794 0.000000e+00
3.760000e-07 8.686882 8.686853 0.000 1.000000 0.361230 1.000000 1.000000 26.217588 74.377722 74.377722 0.000000e+00
3.595000e-07 8.686853 8.686853 0.000 1.000000 0.361224 1.000000 1.000000 26.217029 74.377460 74.377460 0.000000e+00
3.438000e-07 8.686853 8.686853 0.000 1.000000 0.361217 1.000000 1.000000 26.216562 74.377460 74.377460 0.000000e+00
3.287000e-07 8.686853 8.686853 0.000 1.000000 0.361211 1.000000 1.000000 26.216095 74.377460 74.377460 0.000000e+00
3.143000e-07 8.686853 8.686853 0.000 1.000000 0.361204 1.000000 1.000000 26.215631 74.377460 74.377460 0.000000e+00
3.006000e-07 8.686853 8.686853 0.000 1.000000 0.361198 1.000000 1.000000 26.215172 74.377460 74.377460 0.000000e+00
2.874000e-07 8.686853 8.686853 0.000 1.000000 0.361191 1.000000 1.000000 26.214712 74.377460 74.377460 0.000000e+00
2.748000e-07 8.686853 8.686853 0.000 1.000000 0.361185 1.000000 1.000000 26.214255 74.377460 74.377460 0.000000e+00
2.628000e-07 8.686853 8.686853 0.000 1.000000 0.361179 1.000000 1.000000 26.213803 74.377460 74.377460 0.000000e+00
2.513000e-07 8.686853 8.686853 0.000 1.000000 0.361172 1.000000 1.000000 26.213352 74.377460 74.377460 0.000000e+00
2.403000e-07 8.686853 8.686853 0.000 1.000000 0.361166 1.000000 1.000000 26.212903 74.377460 74.377460 0.000000e+00
2.298000e-07 8.686853 8.686853 0.000 1.000000 0.361160 1.000000 1.000000 26.212458 74.377460 74.377460 0.000000e+00
2.197000e-07 8.686853 8.686853 0.000 1.000000 0.361154 1.000000 1.000000 26.212012 74.377460 74.377460 0.000000e+00
2.101000e-07 8.686853 8.686853 0.000 1.000000 0.361147 1.000000 1.000000 26.211571 74.377460 74.377460 0.000000e+00
2.009000e-07 8.686853 8.686853 0.000 1.000000 0.361141 1.000000 1.000000 26.211132 74.377460 74.377460 0.000000e+00
1.921000e-07 8.686853 8.686853 0.000 1.000000 0.361135 1.000000 1.000000 26.210695 74.377460 74.377460 0.000000e+00
1.837000e-07 8.686853 8.686853 0.000 1.000000 0.361129 1.000000 1.000000 26.210261 74.377460 74.377460 0.000000e+00
1.757000e-07 8.686853 8.686853 0.000 1.000000 0.361123 1.000000 1.000000 26.209831 74.377460 74.377460 0.000000e+00
1.680000e-07 8.686853 8.686853 0.000 1.000000 0.361117 1.000000 1.000000 26.209401 74.377460 74.377460 0.000000e+00
1.606000e-07 8.686853 8.686853 0.000 1.000000 0.361111 1.000000 1.000000 26.208971 74.377460 74.377460 0.000000e+00
1.536000e-07 8.686853 8.686853 0.000 1.000000 0.361105 1.000000 1.000000 26.208547 74.377460 74.377460 0.000000e+00
1.469000e-07 8.686853 8.686853 0.000 1.000000 0.361099 1.000000 1.000000 26.208126 74.377460 74.377460 0.000000e+00
1.405000e-07 8.686853 8.686853 0.000 1.000000 0.361093 1.000000 1.000000 26.207707 74.377460 74.377460 0.000000e+00
1.343000e-07 8.686853 8.686853 0.000 1.000000 0.361087 1.000000 1.000000 26.207285 74.377460 74.377460 0.000000e+00
1.284000e-07 8.686853 8.686853 0.000 1.000000 0.361082 1.000000 1.000000 26.206868 74.377460 74.377460 0.000000e+00
1.228000e-07 8.686853 8.686853 0.000 1.000000 0.361076 1.000000 1.000000 26.206455 74.377460 74.377460 0.000000e+00
1.174000e-07 8.686853 8.686853 0.000 1.000000 0.361070 1.000000 1.000000 26.206042 74.377460 74.377460 0.000000e+00
1.123000e-07 8.686853 8.686853 0.000 1.000000 0.361064 1.000000 1.000000 26.205635 74.377460 74.377460 0.000000e+00
1.074000e-07 8.686853 8.686853 0.000 1.000000 0.361059 1.000000 1.000000 26.205229 74.377460 74.377460 0.000000e+00
1.027000e-07 8.686853 8.686853 0.000 1.000000 0.361053 1.000000 1.000000 26.204824 74.377460 74.377460 0.000000e+00
9.818000e-08 8.686853 8.686853 0.000 1.000000 0.361047 1.000000 1.000000 26.204419 74.377460 74.377460 0.000000e+00
9.388000e-08 8.686853 8.686853 0.000 1.000000 0.361042 1.000000 1.000000 26.204018 74.377460 74.377460 0.000000e+00
8.978000e-08 8.686853 8.686853 0.000 1.000000 0.361036 1.000000 1.000000 26.203620 74.377460 74.377460 0.000000e+00
8.585000e-08 8.686853 8.686853 0.000 1.000000 0.361031 1.000000 1.000000 26.203224 74.377460 74.377460 0.000000e+00
8.209000e-08 8.686853 8.686853 0.000 1.000000 0.361025 1.000000 1.000000 26.202829 74.377460 74.377460 0.000000e+00
7.850000e-08 8.686853 8.686853 0.000 1.000000 0.361020 1.000000 1.000000 26.202437 74.377460 74.377460 0.000000e+00
7.506000e-08 8.686853 8.686853 0.000 1.000000 0.361014 1.000000 1.000000 26.202047 74.377460 74.377460 0.000000e+00
7.178000e-08 8.686853 8.686853 0.000 1.000000 0.361009 1.000000 1.000000 26.201659 74.377460 74.377460 0.000000e+00
6.863000e-08 8.686853 8.686853 0.000 1.000000 0.361003 1.000000 1.000000 26.201272 74.377460 74.377460 0.000000e+00
6.563000e-08 8.686853 8.686853 0.000 1.000000 0.360998 1.000000 1.000000 26.200889 74.377460 74.377460 0.000000e+00
6.276000e-08 8.686853 8.686853 0.000 1.000000 0.360993 1.000000 1.000000 26.200507 74.377460 74.377460 0.000000e+00
6.001000e-08 8.686853 8.686853 0.000 1.000000 0.360987 1.000000 1.000000 26.200127 74.377460 74.377460 0.000000e+00
5.738000e-08 8.686853 8.686853 0.000 1.000000 0.360982 1.000000 1.000000 26.199749 74.377460 74.377460 0.000000e+00
5.487000e-08 8.686853 8.686853 0.000 1.000000 0.360977 1.000000 1.000000 26.199373 74.377460 74.377460 0.000000e+00
5.247000e-08 8.686853 8.686853 0.000 1.000000 0.360971 1.000000 1.000000 26.199000 74.377460 74.377460 0.000000e+00
5.017000e-08 8.686853 8.686853 0.000 1.000000 0.360966 1.000000 1.000000 26.198627 74.377460 74.377460 0.000000e+00
4.798000e-08 8.686853 8.686853 0.000 1.000000 0.360961 1.000000 1.000000 26.198259 74.377460 74.377460 0.000000e+00
4.588000e-08 8.686853 8.686853 0.000 1.000000 0.360956 1.000000 1.000000 26.197891 74.377460 74.377460 0.000000e+00
4.387000e-08 8.686853 8.686853 0.000 1.000000 0.360951 1.000000 1.000000 26.197525 74.377460 74.377460 0.000000e+00
4.195000e-08 8.686853 8.686853 0.000 1.000000 0.360946 1.000000 1.000000 26.197161 74.377460 74.377460 0.000000e+00
4.011000e-08 8.686853 8.686853 0.000 1.000000 0.360941 1.000000 1.000000 26.196798 74.377460 74.377460 0.000000e+00
3.836000e-08 8.686853 8.686853 0.000 1.000000 0.360936 1.000000 1.000000 26.196439 74.377460 74.377460 0.000000e+00
3.668000e-08 8.686853 8.686853 0.000 1.000000 0.360931 1.000000 1.000000 26.196081 74.377460 74.377460 0.000000e+00
3.507000e-08 8.686853 8.686853 0.000 1.000000 0.360926 1.000000 1.000000 26.195724 74.377460 74.377460 0.000000e+00
3.354000e-08 8.686853 8.686853 0.000 1.000000 0.360921 1.000000 1.000000 26.195371 74.377460 74.377460 0.000000e+00
3.207000e-08 8.686853 8.686853 0.000 1.000000 0.360916 1.000000 1.000000 26.195018 74.377460 74.377460 0.000000e+00
3.067000e-08 8.686853 8.686853 0.000 1.000000 0.360911 1.000000 1.000000 26.194669 74.377460 74.377460 0.000000e+00
2.933000e-08 8.686853 8.686853 0.000 1.000000 0.360906 1.000000 1.000000 26.194321 74.377460 74.377460 0.000000e+00
2.804000e-08 8.686853 8.686853 0.000 1.000000 0.360901 1.000000 1.000000 26.193973 74.377460 74.377460 0.000000e+00
2.681000e-08 8.686853 8.686853 0.000 1.000000 0.360896 1.000000 1.000000 26.193627 74.377460 74.377460 0.000000e+00
2.564000e-08 8.686853 8.686853 0.000 1.000000 0.360891 1.000000 1.000000 26.193285 74.377460 74.377460 0.000000e+00
2.452000e-08 8.686853 8.686853 0.000 1.000000 0.360887 1.000000 1.000000 26.192945 74.377460 74.377460 0.000000e+00
2.345000e-08 8.686853 8.686853 0.000 1.000000 0.360882 1.000000 1.000000 26.192606 74.377460 74.377460 0.000000e+00
2.242000e-08 8.686853 8.686853 0.000 1.000000 0.360877 1.000000 1.000000 26.192268 74.377460 74.377460 0.000000e+00
2.144000e-08 8.686853 8.686853 0.000 1.000000 0.360873 1.000000 1.000000 26.191932 74.377460 74.377460 0.000000e+00
2.050000e-08 8.686853 8.686853 0.000 1.000000 0.360868 1.000000 1.000000 26.191598 74.377460 74.377460 0.000000e+00
1.960000e-08 8.686853 8.686853 0.000 1.000000 0.360863 1.000000 1.000000 26.191265 74.377460 74.377460 0.000000e+00
1.874000e-08 8.686853 8.686853 0.000 1.000000 0.360859 1.000000 1.000000 26.190934 74.377460 74.377460 0.000000e+00
1.792000e-08 8.686853 8.686853 0.000 1.000000 0.360854 1.000000 1.000000 26.190605 74.377460 74.377460 0.000000e+00
1.714000e-08 8.686853 8.686853 0.000 1.000000 0.360849 1.000000 1.000000 26.190280 74.377460 74.377460 0.000000e+00
1.639000e-08 8.686853 8.686853 0.000 1.000000 0.360845 1.000000 1.000000 26.189955 74.377460 74.377460 0.000000e+00
1.567000e-08 8.686853 8.686853 0.000 1.000000 0.360840 1.000000 1.000000 26.189631 74.377460 74.377460 0.000000e+00
1.499000e-08 8.686853 8.686853 0.000 1.000000 0.360836 1.000000 1.000000 26.189312 74.377460 74.377460 0.000000e+00
1.433000e-08 8.686853 8.686853 0.000 1.000000 0.360831 1.000000 1.000000 26.188990 74.377460 74.377460 0.000000e+00
1.370000e-08 8.686853 8.686853 0.000 1.000000 0.360827 1.000000 1.000000 26.188671 74.377460 74.377460 0.000000e+00
1.310000e-08 8.686853 8.686853 0.000 1.000000 0.360822 1.000000 1.000000 26.188354 74.377460 74.377460 0.000000e+00
1.253000e-08 8.686853 8.686853 0.000 1.000000 0.360818 1.000000 1.000000 26.188042 74.377460 74.377460 0.000000e+00
1.198000e-08 8.686853 8.686853 0.000 1.000000 0.360814 1.000000 1.000000 26.187728 74.377460 74.377460 0.000000e+00
1.146000e-08 8.686853 8.686853 0.000 1.000000 0.360809 1.000000 1.000000 26.187419 74.377460 74.377460 0.000000e+00
1.096000e-08 8.686853 8.686853 0.000 1.000000 0.360805 1.000000 1.000000 26.187110 74.377460 74.377460 0.000000e+00
1.048000e-08 8.686853 8.686853 0.000 1.000000 0.360801 1.000000 1.000000 26.186802 74.377460 74.377460 0.000000e+00
1.002000e-08 8.686853 8.686853 0.000 1.000000 0.360796 1.000000 1.000000 26.186495 74.377460 74.377460 0.000000e+00
9.579000e-09 8.686853 8.686853 0.000 1.000000 0.360792 1.000000 1.000000 26.186188 74.377460 74.377460 0.000000e+00
9.160000e-09 8.686853 8.686853 0.000 1.000000 0.360788 1.000000 1.000000 26.185885 74.377460 74.377460 0.000000e+00
8.759000e-09 8.686853 8.686853 0.000 1.000000 0.360784 1.000000 1.000000 26.185584 74.377460 74.377460 0.000000e+00
8.375000e-09 8.686853 8.686853 0.000 1.000000 0.360779 1.000000 1.000000 26.185283 74.377460 74.377460 0.000000e+00
8.009000e-09 8.686853 8.686853 0.000 1.000000 0.360775 1.000000 1.000000 26.184986 74.377460 74.377460 0.000000e+00
7.658000e-09 8.686853 8.686853 0.000 1.000000 0.360771 1.000000 1.000000 26.184689 74.377460 74.377460 0.000000e+00
7.323000e-09 8.686853 8.686853 0.000 1.000000 0.360767 1.000000 1.000000 26.184394 74.377460 74.377460 0.000000e+00
7.003000e-09 8.686853 8.686853 0.000 1.000000 0.360763 1.000000 1.000000 26.184101 74.377460 74.377460 0.000000e+00
6.696000e-09 8.686853 8.686853 0.000 1.000000 0.360759 1.000000 1.000000 26.183808 74.377460 74.377460 0.000000e+00
6.403000e-09 8.686853 8.686853 0.000 1.000000 0.360755 1.000000 1.000000 26.183518 74.377460 74.377460 0.000000e+00
6.123000e-09 8.686853 8.686853 0.000 1.000000 0.360751 1.000000 1.000000 26.183230 74.377460 74.377460 0.000000e+00
5.855000e-09 8.686853 8.686853 0.000 1.000000 0.360747 1.000000 1.000000 26.182942 74.377460 74.377460 0.000000e+00
5.599000e-09 8.686853 8.686853 0.000 1.000000 0.360743 1.000000 1.000000 26.182657 74.377460 74.377460 0.000000e+00
5.354000e-09 8.686853 8.686853 0.000 1.000000 0.360739 1.000000 1.000000 26.182373 74.377460 74.377460 0.000000e+00
5.119000e-09 8.686853 8.686853 0.000 1.000000 0.360735 1.000000 1.000000 26.182089 74.377460 74.377460 0.000000e+00
4.895000e-09 8.686853 8.686853 0.000 1.000000 0.360731 1.000000 1.000000 26.181808 74.377460 74.377460 0.000000e+00
4.681000e-09 8.686853 8.686853 0.000 1.000000 0.360727 1.000000 1.000000 26.181529 74.377460 74.377460 0.000000e+00
4.476000e-09 8.686853 8.686853 0.000 1.000000 0.360723 1.000000 1.000000 26.181251 74.377460 74.377460 0.000000e+00
4.280000e-09 8.686853 8.686853 0.000 1.000000 0.360719 1.000000 1.000000 26.180974 74.377460 74.377460 0.000000e+00
4.093000e-09 8.686853 8.686853 0.000 1.000000 0.360715 1.000000 1.000000 26.180699 74.377460 74.377460 0.000000e+00
3.914000e-09 8.686853 8.686853 0.000 1.000000 0.360711 1.000000 1.000000 26.180426 74.377460 74.377460 0.000000e+00
3.742000e-09 8.686853 8.686853 0.000 1.000000 0.360708 1.000000 1.000000 26.180152 74.377460 74.377460 0.000000e+00
3.579000e-09 8.686853 8.686853 0.000 1.000000 0.360704 1.000000 1.000000 26.179883 74.377460 74.377460 0.000000e+00
3.422000e-09 8.686853 8.686853 0.000 1.000000 0.360700 1.000000 1.000000 26.179613 74.377460 74.377460 0.000000e+00
3.272000e-09 8.686853 8.686853 0.000 1.000000 0.360696 1.000000 1.000000 26.179345 74.377460 74.377460 0.000000e+00
3.129000e-09 8.686853 8.686853 0.000 1.000000 0.360693 1.000000 1.000000 26.179079 74.377460 74.377460 0.000000e+00
2.992000e-09 8.686853 8.686853 0.000 1.000000 0.360689 1.000000 1.000000 26.178814 74.377460 74.377460 0.000000e+00
2.861000e-09 8.686853 8.686853 0.000 1.000000 0.360685 1.000000 1.000000 26.178550 74.377460 74.377460 0.000000e+00
2.736000e-09 8.686853 8.686853 0.000 1.000000 0.360682 1.000000 1.000000 26.178288 74.377460 74.377460 0.000000e+00
2.616000e-09 8.686853 8.686853 0.000 1.000000 0.360678 1.000000 1.000000 26.178027 74.377460 74.377460 0.000000e+00
2.502000e-09 8.686853 8.686853 0.000 1.000000 0.360674 1.000000 1.000000 26.177769 74.377460 74.377460 0.000000e+00
2.392000e-09 8.686853 8.686853 0.000 1.000000 0.360671 1.000000 1.000000 26.177509 74.377460 74.377460 0.000000e+00
2.287000e-09 8.686853 8.686853 0.000 1.000000 0.360667 1.000000 1.000000 26.177252 74.377460 74.377460 0.000000e+00
2.187000e-09 8.686853 8.686853 0.000 1.000000 0.360663 1.000000 1.000000 26.176997 74.377460 74.377460 0.000000e+00
2.092000e-09 8.686853 8.686853 0.000 1.000000 0.360660 1.000000 1.000000 26.176745 74.377460 74.377460 0.000000e+00
2.000000e-09 8.686853 8.686853 0.000 1.000000 0.360656 1.000000 1.000000 26.176491 74.377460 74.377460 0.000000e+00
