# 0:Mvir[Msun/h] 1:sigma(M,0) 2:sigma(M_f,0)(f=0.50) 3:z 4:D(z) 5:D(z_f)_simfit 6:D(z_f)_eps(f=0.50) 7:D(z_f)_eps(f=0.16) 8:c_simfit 9:c_eps(f=0.50) 10:c_eps(f=0.16) 11:M_hm[Msun/h]
1.000000e+01 8.685596 8.685779 0.000 1.000000 0.369094 0.975533 0.966523 18.531872 43.151393 42.792974 0.000000e+00
9.562000e+00 8.685610 8.685788 0.000 1.000000 0.369045 0.975861 0.966990 18.529861 43.164518 42.811623 0.000000e+00
9.144000e+00 8.685624 8.685797 0.000 1.000000 0.368997 0.976194 0.967417 18.527866 43.177837 42.828665 0.000000e+00
8.744000e+00 8.685638 8.685806 0.000 1.000000 0.368949 0.976533 0.967898 18.525880 43.191357 42.847885 0.000000e+00
8.361000e+00 8.685651 8.685814 0.000 1.000000 0.368901 0.976876 0.968339 18.523900 43.205085 42.865459 0.000000e+00
7.995000e+00 8.685664 8.685822 0.000 1.000000 0.368853 0.977226 0.968836 18.521932 43.219033 42.885298 0.000000e+00
7.645000e+00 8.685677 8.685830 0.000 1.000000 0.368806 0.977581 0.969291 18.519975 43.233213 42.903459 0.000000e+00
7.310000e+00 8.685689 8.685838 0.000 1.000000 0.368758 0.977869 0.969701 18.518024 43.244738 42.919854 0.000000e+00
6.990000e+00 8.685701 8.685845 0.000 1.000000 0.368711 0.978236 0.970171 18.516086 43.259360 42.938586 0.000000e+00
6.684000e+00 8.685712 8.685853 0.000 1.000000 0.368665 0.978459 0.970542 18.514157 43.268277 42.953387 0.000000e+00
6.392000e+00 8.685724 8.685860 0.000 1.000000 0.368618 0.978836 0.971026 18.512244 43.283331 42.972711 0.000000e+00
6.112000e+00 8.685734 8.685866 0.000 1.000000 0.368572 0.979143 0.971409 18.510333 43.295585 42.987990 0.000000e+00
5.845000e+00 8.685745 8.685873 0.000 1.000000 0.368526 0.979455 0.971854 18.508439 43.308037 43.005725 0.000000e+00
5.589000e+00 8.685755 8.685879 0.000 1.000000 0.368481 0.979772 0.972249 18.506548 43.320688 43.021498 0.000000e+00
5.344000e+00 8.685765 8.685886 0.000 1.000000 0.368435 0.980013 0.972651 18.504666 43.330326 43.037518 0.000000e+00
5.110000e+00 8.685774 8.685892 0.000 1.000000 0.368390 0.980257 0.973000 18.502794 43.340085 43.051456 0.000000e+00
4.887000e+00 8.685784 8.685898 0.000 1.000000 0.368345 0.980588 0.973414 18.500941 43.353289 43.067965 0.000000e+00
4.673000e+00 8.685793 8.685903 0.000 1.000000 0.368301 0.980925 0.973835 18.499090 43.366731 43.084751 0.000000e+00
4.468000e+00 8.685802 8.685909 0.000 1.000000 0.368256 0.981182 0.974202 18.497245 43.376989 43.099380 0.000000e+00
4.273000e+00 8.685810 8.685914 0.000 1.000000 0.368212 0.981443 0.974574 18.495418 43.387393 43.114232 0.000000e+00
4.086000e+00 8.685818 8.685919 0.000 1.000000 0.368168 0.981708 0.974889 18.493595 43.397952 43.126796 0.000000e+00
3.907000e+00 8.685826 8.685924 0.000 1.000000 0.368124 0.981976 0.975273 18.491781 43.408675 43.142091 0.000000e+00
3.736000e+00 8.685834 8.685929 0.000 1.000000 0.368081 0.982250 0.975663 18.489978 43.419568 43.157646 0.000000e+00
3.572000e+00 8.685842 8.685934 0.000 1.000000 0.368037 0.982527 0.975993 18.488179 43.430640 43.170822 0.000000e+00
3.416000e+00 8.685849 8.685939 0.000 1.000000 0.367994 0.982715 0.976329 18.486398 43.438133 43.184190 0.000000e+00
3.266000e+00 8.685856 8.685943 0.000 1.000000 0.367951 0.983000 0.976669 18.484616 43.449519 43.197763 0.000000e+00
3.124000e+00 8.685863 8.685948 0.000 1.000000 0.367909 0.983194 0.977015 18.482862 43.457233 43.211551 0.000000e+00
2.987000e+00 8.685870 8.685952 0.000 1.000000 0.367867 0.983488 0.977367 18.481102 43.468965 43.225565 0.000000e+00
2.856000e+00 8.685876 8.685956 0.000 1.000000 0.367824 0.983687 0.977652 18.479349 43.476916 43.236947 0.000000e+00
2.731000e+00 8.685883 8.685960 0.000 1.000000 0.367782 0.983991 0.978015 18.477611 43.489027 43.251394 0.000000e+00
2.612000e+00 8.685889 8.685964 0.000 1.000000 0.367741 0.984197 0.978309 18.475889 43.497242 43.263138 0.000000e+00
2.497000e+00 8.685895 8.685967 0.000 1.000000 0.367699 0.984511 0.978684 18.474158 43.509766 43.278055 0.000000e+00
2.388000e+00 8.685901 8.685971 0.000 1.000000 0.367658 0.984725 0.978988 18.472451 43.518274 43.290197 0.000000e+00
2.283000e+00 8.685906 8.685975 0.000 1.000000 0.367617 0.984832 0.979220 18.470738 43.522583 43.299430 0.000000e+00
2.183000e+00 8.685912 8.685978 0.000 1.000000 0.367576 0.985161 0.979612 18.469044 43.535667 43.315055 0.000000e+00
2.088000e+00 8.685917 8.685981 0.000 1.000000 0.367536 0.985384 0.979852 18.467368 43.544565 43.324592 0.000000e+00
1.997000e+00 8.685922 8.685985 0.000 1.000000 0.367495 0.985497 0.980175 18.465698 43.549079 43.337489 0.000000e+00
1.909000e+00 8.685927 8.685988 0.000 1.000000 0.367455 0.985726 0.980422 18.464019 43.558195 43.347315 0.000000e+00
1.826000e+00 8.685932 8.685991 0.000 1.000000 0.367415 0.985959 0.980756 18.462371 43.567465 43.360617 0.000000e+00
1.746000e+00 8.685936 8.685994 0.000 1.000000 0.367376 0.986076 0.980925 18.460718 43.572167 43.367367 0.000000e+00
1.669000e+00 8.685941 8.685997 0.000 1.000000 0.367336 0.986315 0.981269 18.459064 43.581685 43.381047 0.000000e+00
1.596000e+00 8.685945 8.685999 0.000 1.000000 0.367297 0.986559 0.981531 18.457431 43.591374 43.391484 0.000000e+00
1.526000e+00 8.685950 8.686002 0.000 1.000000 0.367257 0.986806 0.981797 18.455804 43.601252 43.402084 0.000000e+00
1.460000e+00 8.685954 8.686005 0.000 1.000000 0.367219 0.986932 0.982067 18.454208 43.606272 43.412845 0.000000e+00
1.396000e+00 8.685958 8.686007 0.000 1.000000 0.367180 0.987188 0.982341 18.452597 43.616445 43.423779 0.000000e+00
1.335000e+00 8.685962 8.686010 0.000 1.000000 0.367142 0.987317 0.982621 18.451001 43.621620 43.434895 0.000000e+00
1.276000e+00 8.685966 8.686012 0.000 1.000000 0.367103 0.987581 0.982905 18.449394 43.632121 43.446203 0.000000e+00
1.220000e+00 8.685969 8.686014 0.000 1.000000 0.367065 0.987715 0.983097 18.447806 43.637463 43.453853 0.000000e+00
1.167000e+00 8.685973 8.686017 0.000 1.000000 0.367028 0.987851 0.983389 18.446245 43.642871 43.465500 0.000000e+00
1.116000e+00 8.685976 8.686019 0.000 1.000000 0.366990 0.987988 0.983587 18.444680 43.648338 43.473388 0.000000e+00
1.067000e+00 8.685980 8.686021 0.000 1.000000 0.366952 0.988267 0.983889 18.443118 43.659460 43.485407 0.000000e+00
1.020000e+00 8.685983 8.686023 0.000 1.000000 0.366915 0.988410 0.984094 18.441558 43.665129 43.493554 0.000000e+00
9.756000e-01 8.685986 8.686025 0.000 1.000000 0.366878 0.988554 0.984301 18.440025 43.670871 43.501812 0.000000e+00
9.329000e-01 8.685989 8.686027 0.000 1.000000 0.366841 0.988700 0.984511 18.438492 43.676689 43.510186 0.000000e+00
8.921000e-01 8.685992 8.686029 0.000 1.000000 0.366805 0.988848 0.984725 18.436968 43.682586 43.518681 0.000000e+00
8.531000e-01 8.685995 8.686031 0.000 1.000000 0.366768 0.988998 0.984941 18.435452 43.688564 43.527301 0.000000e+00
8.157000e-01 8.685998 8.686033 0.000 1.000000 0.366732 0.989150 0.985161 18.433941 43.694627 43.536052 0.000000e+00
7.800000e-01 8.686001 8.686034 0.000 1.000000 0.366696 0.989461 0.985384 18.432440 43.707012 43.544941 0.000000e+00
7.459000e-01 8.686003 8.686036 0.000 1.000000 0.366660 0.989461 0.985611 18.430948 43.707021 43.553969 0.000000e+00
7.132000e-01 8.686006 8.686038 0.000 1.000000 0.366624 0.989621 0.985842 18.429460 43.713363 43.563153 0.000000e+00
6.820000e-01 8.686009 8.686039 0.000 1.000000 0.366589 0.989947 0.986076 18.427985 43.726345 43.572495 0.000000e+00
6.522000e-01 8.686011 8.686041 0.000 1.000000 0.366554 0.989947 0.986195 18.426516 43.726354 43.577230 0.000000e+00
6.236000e-01 8.686013 8.686042 0.000 1.000000 0.366518 0.990114 0.986436 18.425051 43.733012 43.586821 0.000000e+00
5.963000e-01 8.686016 8.686044 0.000 1.000000 0.366483 0.990284 0.986682 18.423598 43.739793 43.596596 0.000000e+00
5.702000e-01 8.686018 8.686045 0.000 1.000000 0.366449 0.990458 0.986806 18.422151 43.746694 43.601558 0.000000e+00
5.453000e-01 8.686020 8.686046 0.000 1.000000 0.366414 0.990635 0.987059 18.420715 43.753726 43.611619 0.000000e+00
5.214000e-01 8.686022 8.686048 0.000 1.000000 0.366380 0.990635 0.987188 18.419281 43.753735 43.616732 0.000000e+00
4.986000e-01 8.686024 8.686049 0.000 1.000000 0.366346 0.990815 0.987317 18.417858 43.760905 43.621899 0.000000e+00
4.768000e-01 8.686026 8.686050 0.000 1.000000 0.366312 0.990999 0.987581 18.416444 43.768224 43.632390 0.000000e+00
4.559000e-01 8.686028 8.686051 0.000 1.000000 0.366278 0.991186 0.987715 18.415033 43.775699 43.637728 0.000000e+00
4.359000e-01 8.686030 8.686053 0.000 1.000000 0.366244 0.991186 0.987988 18.413629 43.775708 43.648580 0.000000e+00
4.169000e-01 8.686032 8.686054 0.000 1.000000 0.366211 0.991379 0.988127 18.412241 43.783349 43.654107 0.000000e+00
3.986000e-01 8.686033 8.686055 0.000 1.000000 0.366178 0.991379 0.988267 18.410849 43.783354 43.659698 0.000000e+00
3.812000e-01 8.686035 8.686056 0.000 1.000000 0.366145 0.991575 0.988410 18.409474 43.791174 43.665363 0.000000e+00
3.645000e-01 8.686037 8.686057 0.000 1.000000 0.366112 0.991776 0.988700 18.408101 43.799186 43.676905 0.000000e+00
3.485000e-01 8.686038 8.686058 0.000 1.000000 0.366079 0.991776 0.988700 18.406732 43.799191 43.676910 0.000000e+00
3.333000e-01 8.686040 8.686059 0.000 1.000000 0.366046 0.991983 0.988998 18.405380 43.807409 43.688766 0.000000e+00
3.187000e-01 8.686041 8.686060 0.000 1.000000 0.366014 0.991983 0.988998 18.404028 43.807413 43.688771 0.000000e+00
3.047000e-01 8.686043 8.686061 0.000 1.000000 0.365982 0.992195 0.989305 18.402681 43.815853 43.700969 0.000000e+00
2.914000e-01 8.686044 8.686062 0.000 1.000000 0.365950 0.992195 0.989461 18.401348 43.815858 43.707205 0.000000e+00
2.786000e-01 8.686046 8.686063 0.000 1.000000 0.365918 0.992413 0.989621 18.400015 43.824540 43.713543 0.000000e+00
2.665000e-01 8.686047 8.686063 0.000 1.000000 0.365886 0.992638 0.989782 18.398703 43.833480 43.719979 0.000000e+00
2.548000e-01 8.686048 8.686064 0.000 1.000000 0.365855 0.992638 0.989782 18.397384 43.833484 43.719983 0.000000e+00
2.436000e-01 8.686050 8.686065 0.000 1.000000 0.365823 0.992870 0.990114 18.396072 43.842717 43.733179 0.000000e+00
2.330000e-01 8.686051 8.686066 0.000 1.000000 0.365792 0.992870 0.990284 18.394778 43.842721 43.739951 0.000000e+00
2.228000e-01 8.686052 8.686067 0.000 1.000000 0.365761 0.992870 0.990284 18.393484 43.842726 43.739955 0.000000e+00
2.130000e-01 8.686053 8.686067 0.000 1.000000 0.365730 0.993110 0.990458 18.392190 43.852271 43.746852 0.000000e+00
2.037000e-01 8.686054 8.686068 0.000 1.000000 0.365699 0.993110 0.990635 18.390913 43.852276 43.753879 0.000000e+00
1.948000e-01 8.686055 8.686069 0.000 1.000000 0.365669 0.993110 0.990635 18.389642 43.852280 43.753883 0.000000e+00
1.863000e-01 8.686056 8.686069 0.000 1.000000 0.365639 0.993359 0.990815 18.388379 43.862178 43.761050 0.000000e+00
1.781000e-01 8.686057 8.686070 0.000 1.000000 0.365608 0.993359 0.990999 18.387112 43.862182 43.768364 0.000000e+00
1.703000e-01 8.686058 8.686071 0.000 1.000000 0.365578 0.993359 0.990999 18.385858 43.862187 43.768368 0.000000e+00
1.629000e-01 8.686059 8.686071 0.000 1.000000 0.365549 0.993618 0.991186 18.384621 43.872478 43.775838 0.000000e+00
1.557000e-01 8.686060 8.686072 0.000 1.000000 0.365519 0.993618 0.991379 18.383368 43.872482 43.783476 0.000000e+00
1.489000e-01 8.686061 8.686072 0.000 1.000000 0.365489 0.993888 0.991575 18.382138 43.883217 43.791292 0.000000e+00
1.424000e-01 8.686062 8.686073 0.000 1.000000 0.365460 0.993888 0.991575 18.380915 43.883222 43.791296 0.000000e+00
1.362000e-01 8.686063 8.686073 0.000 1.000000 0.365431 0.994171 0.991776 18.379701 43.894463 43.799304 0.000000e+00
1.302000e-01 8.686064 8.686074 0.000 1.000000 0.365401 0.994171 0.991983 18.378480 43.894467 43.807517 0.000000e+00
1.245000e-01 8.686065 8.686074 0.000 1.000000 0.365372 0.994469 0.992195 18.377273 43.906292 43.815953 0.000000e+00
1.191000e-01 8.686065 8.686075 0.000 1.000000 0.365344 0.994171 0.991983 18.376082 43.894472 43.807522 0.000000e+00
1.138000e-01 8.686066 8.686076 0.000 1.000000 0.365315 0.994171 0.992195 18.374867 43.894476 43.815957 0.000000e+00
1.089000e-01 8.686067 8.686076 0.000 1.000000 0.365287 0.994469 0.992413 18.373699 43.906301 43.824635 0.000000e+00
1.041000e-01 8.686068 8.686076 0.000 1.000000 0.365258 0.994783 0.992638 18.372510 43.918811 43.833575 0.000000e+00
9.954000e-02 8.686068 8.686077 0.000 1.000000 0.365230 0.994469 0.992638 18.371332 43.906306 43.833575 0.000000e+00
9.519000e-02 8.686069 8.686077 0.000 1.000000 0.365202 0.994783 0.992638 18.370165 43.918815 43.833579 0.000000e+00
9.102000e-02 8.686070 8.686078 0.000 1.000000 0.365174 0.994783 0.992870 18.369002 43.918820 43.842807 0.000000e+00
8.704000e-02 8.686070 8.686078 0.000 1.000000 0.365147 0.994783 0.992870 18.367845 43.918820 43.842807 0.000000e+00
8.323000e-02 8.686071 8.686078 0.000 1.000000 0.365119 0.995118 0.993110 18.366695 43.932147 43.852353 0.000000e+00
7.958000e-02 8.686072 8.686079 0.000 1.000000 0.365092 0.995118 0.993110 18.365549 43.932152 43.852357 0.000000e+00
7.610000e-02 8.686072 8.686079 0.000 1.000000 0.365064 0.995118 0.993110 18.364411 43.932152 43.852357 0.000000e+00
7.277000e-02 8.686073 8.686079 0.000 1.000000 0.365037 0.995479 0.993359 18.363280 43.946479 43.862255 0.000000e+00
6.958000e-02 8.686073 8.686080 0.000 1.000000 0.365010 0.995118 0.993359 18.362151 43.932156 43.862255 0.000000e+00
6.654000e-02 8.686074 8.686080 0.000 1.000000 0.364983 0.995479 0.993618 18.361033 43.946484 43.872546 0.000000e+00
6.363000e-02 8.686074 8.686081 0.000 1.000000 0.364957 0.995118 0.993618 18.359919 43.932161 43.872546 0.000000e+00
6.084000e-02 8.686075 8.686081 0.000 1.000000 0.364930 0.995479 0.993888 18.358810 43.946488 43.883281 0.000000e+00
5.818000e-02 8.686075 8.686081 0.000 1.000000 0.364904 0.995479 0.993888 18.357707 43.946488 43.883281 0.000000e+00
5.563000e-02 8.686076 8.686082 0.000 1.000000 0.364877 0.995479 0.993888 18.356610 43.946493 43.883285 0.000000e+00
5.320000e-02 8.686076 8.686082 0.000 1.000000 0.364851 0.995479 0.993888 18.355521 43.946493 43.883285 0.000000e+00
5.087000e-02 8.686077 8.686082 0.000 1.000000 0.364825 0.995871 0.994171 18.354436 43.962085 43.894526 0.000000e+00
4.864000e-02 8.686077 8.686082 0.000 1.000000 0.364799 0.995871 0.994171 18.353355 43.962085 43.894526 0.000000e+00
4.651000e-02 8.686077 8.686083 0.000 1.000000 0.364774 0.995479 0.994171 18.352280 43.946498 43.894526 0.000000e+00
4.448000e-02 8.686078 8.686083 0.000 1.000000 0.364748 0.995871 0.994468 18.351217 43.962089 43.906351 0.000000e+00
4.253000e-02 8.686078 8.686083 0.000 1.000000 0.364723 0.995871 0.994171 18.350152 43.962089 43.894531 0.000000e+00
4.067000e-02 8.686079 8.686083 0.000 1.000000 0.364697 0.996306 0.994468 18.349098 43.979349 43.906356 0.000000e+00
3.889000e-02 8.686079 8.686083 0.000 1.000000 0.364672 0.996306 0.994468 18.348047 43.979349 43.906356 0.000000e+00
3.719000e-02 8.686079 8.686084 0.000 1.000000 0.364647 0.995871 0.994468 18.347003 43.962094 43.906356 0.000000e+00
3.556000e-02 8.686080 8.686084 0.000 1.000000 0.364622 0.996306 0.994783 18.345963 43.979353 43.918865 0.000000e+00
3.400000e-02 8.686080 8.686084 0.000 1.000000 0.364598 0.996306 0.994783 18.344926 43.979353 43.918865 0.000000e+00
3.252000e-02 8.686080 8.686085 0.000 1.000000 0.364573 0.995871 0.994783 18.343903 43.962098 43.918865 0.000000e+00
3.109000e-02 8.686081 8.686085 0.000 1.000000 0.364548 0.996306 0.995118 18.342876 43.979358 43.932192 0.000000e+00
2.973000e-02 8.686081 8.686085 0.000 1.000000 0.364524 0.996306 0.995118 18.341859 43.979358 43.932192 0.000000e+00
2.843000e-02 8.686081 8.686085 0.000 1.000000 0.364500 0.996306 0.995118 18.340848 43.979358 43.932192 0.000000e+00
2.719000e-02 8.686082 8.686085 0.000 1.000000 0.364476 0.996799 0.995118 18.339846 43.998966 43.932197 0.000000e+00
2.600000e-02 8.686082 8.686085 0.000 1.000000 0.364452 0.996799 0.995118 18.338844 43.998966 43.932197 0.000000e+00
2.486000e-02 8.686082 8.686085 0.000 1.000000 0.364428 0.996799 0.995118 18.337846 43.998966 43.932197 0.000000e+00
2.377000e-02 8.686082 8.686086 0.000 1.000000 0.364404 0.996306 0.995118 18.336853 43.979362 43.932197 0.000000e+00
2.273000e-02 8.686083 8.686086 0.000 1.000000 0.364381 0.996799 0.995479 18.335870 43.998970 43.946525 0.000000e+00
2.173000e-02 8.686083 8.686086 0.000 1.000000 0.364357 0.996799 0.995479 18.334884 43.998970 43.946525 0.000000e+00
2.078000e-02 8.686083 8.686086 0.000 1.000000 0.364334 0.996799 0.995479 18.333910 43.998970 43.946525 0.000000e+00
1.987000e-02 8.686083 8.686086 0.000 1.000000 0.364311 0.996799 0.995479 18.332940 43.998970 43.946525 0.000000e+00
1.900000e-02 8.686084 8.686086 0.000 1.000000 0.364287 0.997385 0.995871 18.331977 44.022252 43.962116 0.000000e+00
1.817000e-02 8.686084 8.686086 0.000 1.000000 0.364265 0.997385 0.995871 18.331019 44.022252 43.962116 0.000000e+00
1.738000e-02 8.686084 8.686087 0.000 1.000000 0.364242 0.996799 0.995479 18.330071 43.998975 43.946529 0.000000e+00
1.662000e-02 8.686084 8.686087 0.000 1.000000 0.364219 0.996799 0.995479 18.329123 43.998975 43.946529 0.000000e+00
1.589000e-02 8.686084 8.686087 0.000 1.000000 0.364197 0.996799 0.995871 18.328175 43.998975 43.962116 0.000000e+00
1.519000e-02 8.686085 8.686087 0.000 1.000000 0.364174 0.997385 0.996306 18.327231 44.022257 43.979376 0.000000e+00
1.453000e-02 8.686085 8.686087 0.000 1.000000 0.364152 0.997385 0.996306 18.326304 44.022257 43.979376 0.000000e+00
1.389000e-02 8.686085 8.686087 0.000 1.000000 0.364129 0.997385 0.996306 18.325369 44.022257 43.979376 0.000000e+00
1.328000e-02 8.686085 8.686088 0.000 1.000000 0.364107 0.996799 0.995871 18.324442 43.998979 43.962121 0.000000e+00
1.270000e-02 8.686086 8.686088 0.000 1.000000 0.364085 0.997385 0.996306 18.323526 44.022261 43.979381 0.000000e+00
1.215000e-02 8.686086 8.686088 0.000 1.000000 0.364064 0.997385 0.996799 18.322622 44.022261 43.998984 0.000000e+00
1.162000e-02 8.686086 8.686088 0.000 1.000000 0.364042 0.997385 0.996799 18.321715 44.022261 43.998984 0.000000e+00
1.111000e-02 8.686086 8.686088 0.000 1.000000 0.364020 0.997385 0.996306 18.320808 44.022261 43.979381 0.000000e+00
1.062000e-02 8.686086 8.686088 0.000 1.000000 0.363998 0.997385 0.996799 18.319902 44.022261 43.998984 0.000000e+00
1.016000e-02 8.686086 8.686088 0.000 1.000000 0.363977 0.997385 0.996306 18.319016 44.022261 43.979381 0.000000e+00
9.712000e-03 8.686086 8.686088 0.000 1.000000 0.363956 0.997385 0.996306 18.318119 44.022261 43.979381 0.000000e+00
9.287000e-03 8.686086 8.686088 0.000 1.000000 0.363935 0.997385 0.995871 18.317234 44.022261 43.962126 0.000000e+00
8.880000e-03 8.686087 8.686088 0.000 1.000000 0.363913 0.998149 0.996799 18.316354 44.052642 43.998988 0.000000e+00
8.491000e-03 8.686087 8.686088 0.000 1.000000 0.363893 0.998149 0.996799 18.315477 44.052642 43.998988 0.000000e+00
8.120000e-03 8.686087 8.686088 0.000 1.000000 0.363872 0.998149 0.996799 18.314608 44.052642 43.998988 0.000000e+00
7.764000e-03 8.686087 8.686088 0.000 1.000000 0.363851 0.998149 0.996799 18.313740 44.052642 43.998988 0.000000e+00
7.425000e-03 8.686087 8.686088 0.000 1.000000 0.363830 0.998149 0.996799 18.312880 44.052642 43.998988 0.000000e+00
7.100000e-03 8.686087 8.686089 0.000 1.000000 0.363810 0.997385 0.997385 18.312023 44.022266 44.022266 0.000000e+00
6.789000e-03 8.686088 8.686089 0.000 1.000000 0.363789 0.998149 0.997385 18.311171 44.052646 44.022270 0.000000e+00
6.492000e-03 8.686088 8.686089 0.000 1.000000 0.363769 0.998149 0.996799 18.310323 44.052646 43.998993 0.000000e+00
6.208000e-03 8.686088 8.686089 0.000 1.000000 0.363749 0.998149 0.996799 18.309480 44.052646 43.998993 0.000000e+00
5.936000e-03 8.686088 8.686090 0.000 1.000000 0.363729 0.997385 0.997385 18.308640 44.022270 44.022270 0.000000e+00
5.676000e-03 8.686088 8.686089 0.000 1.000000 0.363709 0.998149 0.996799 18.307805 44.052646 43.998993 0.000000e+00
5.428000e-03 8.686088 8.686089 0.000 1.000000 0.363689 0.998149 0.997385 18.306976 44.052646 44.022270 0.000000e+00
5.190000e-03 8.686088 8.686089 0.000 1.000000 0.363669 0.998149 0.997385 18.306149 44.052646 44.022270 0.000000e+00
4.963000e-03 8.686088 8.686089 0.000 1.000000 0.363650 0.998149 0.997385 18.305329 44.052646 44.022270 0.000000e+00
4.746000e-03 8.686088 8.686089 0.000 1.000000 0.363630 0.998149 0.997385 18.304513 44.052646 44.022270 0.000000e+00
4.538000e-03 8.686088 8.686090 0.000 1.000000 0.363611 0.997385 0.997385 18.303699 44.022270 44.022270 0.000000e+00
4.339000e-03 8.686089 8.686089 0.000 1.000000 0.363591 1.000000 0.998149 18.302891 44.126172 44.052651 0.000000e+00
4.149000e-03 8.686089 8.686089 0.000 1.000000 0.363572 1.000000 1.000000 18.302087 44.126172 44.126172 0.000000e+00
3.968000e-03 8.686088 8.686089 0.000 1.000000 0.363553 0.998149 0.997385 18.301288 44.052646 44.022270 0.000000e+00
3.794000e-03 8.686089 8.686090 0.000 1.000000 0.363534 0.998149 0.997385 18.300493 44.052651 44.022275 0.000000e+00
3.628000e-03 8.686089 8.686090 0.000 1.000000 0.363515 0.998149 0.998149 18.299703 44.052651 44.052651 0.000000e+00
3.469000e-03 8.686089 8.686089 0.000 1.000000 0.363496 1.000000 0.997385 18.298915 44.126172 44.022275 0.000000e+00
3.317000e-03 8.686089 8.686089 0.000 1.000000 0.363477 1.000000 0.997385 18.298132 44.126172 44.022275 0.000000e+00
3.172000e-03 8.686089 8.686090 0.000 1.000000 0.363459 0.998149 0.997385 18.297354 44.052651 44.022275 0.000000e+00
3.033000e-03 8.686089 8.686090 0.000 1.000000 0.363440 0.998149 0.998149 18.296579 44.052651 44.052651 0.000000e+00
2.901000e-03 8.686089 8.686090 0.000 1.000000 0.363422 0.998149 0.997385 18.295814 44.052651 44.022275 0.000000e+00
2.774000e-03 8.686090 8.686090 0.000 1.000000 0.363404 1.000000 1.000000 18.295049 44.126177 44.126177 0.000000e+00
2.652000e-03 8.686090 8.686090 0.000 1.000000 0.363385 1.000000 0.998149 18.294284 44.126177 44.052655 0.000000e+00
2.536000e-03 8.686089 8.686090 0.000 1.000000 0.363367 0.998149 0.998149 18.293525 44.052651 44.052651 0.000000e+00
2.425000e-03 8.686089 8.686089 0.000 1.000000 0.363349 1.000000 1.000000 18.292771 44.126172 44.126172 0.000000e+00
2.319000e-03 8.686089 8.686090 0.000 1.000000 0.363331 0.998149 0.998149 18.292023 44.052651 44.052651 0.000000e+00
2.218000e-03 8.686089 8.686091 0.000 1.000000 0.363313 0.997385 0.997385 18.291281 44.022275 44.022275 0.000000e+00
2.121000e-03 8.686090 8.686090 0.000 1.000000 0.363296 1.000000 0.998149 18.290541 44.126177 44.052655 0.000000e+00
2.028000e-03 8.686090 8.686090 0.000 1.000000 0.363278 1.000000 1.000000 18.289802 44.126177 44.126177 0.000000e+00
1.939000e-03 8.686089 8.686091 0.000 1.000000 0.363260 0.997385 0.996799 18.289065 44.022275 43.998997 0.000000e+00
1.854000e-03 8.686089 8.686090 0.000 1.000000 0.363243 0.998149 0.996799 18.288334 44.052651 43.998997 0.000000e+00
1.773000e-03 8.686090 8.686090 0.000 1.000000 0.363226 1.000000 0.996799 18.287611 44.126177 43.999002 0.000000e+00
1.695000e-03 8.686089 8.686091 0.000 1.000000 0.363208 0.997385 0.998149 18.286884 44.022275 44.052651 0.000000e+00
1.621000e-03 8.686090 8.686091 0.000 1.000000 0.363191 0.998149 0.997385 18.286169 44.052655 44.022280 0.000000e+00
1.550000e-03 8.686090 8.686091 0.000 1.000000 0.363174 0.998149 1.000000 18.285455 44.052655 44.126177 0.000000e+00
1.482000e-03 8.686091 8.686091 0.000 1.000000 0.363157 1.000000 0.998149 18.284744 44.126182 44.052660 0.000000e+00
1.417000e-03 8.686090 8.686091 0.000 1.000000 0.363140 0.998149 1.000000 18.284034 44.052655 44.126177 0.000000e+00
1.355000e-03 8.686090 8.686092 0.000 1.000000 0.363123 0.997385 0.997385 18.283332 44.022280 44.022280 0.000000e+00
1.296000e-03 8.686090 8.686091 0.000 1.000000 0.363106 0.998149 0.995871 18.282636 44.052655 43.962144 0.000000e+00
1.239000e-03 8.686090 8.686091 0.000 1.000000 0.363090 0.998149 0.995871 18.281938 44.052655 43.962144 0.000000e+00
1.185000e-03 8.686090 8.686090 0.000 1.000000 0.363073 1.000000 0.997385 18.281249 44.126177 44.022280 0.000000e+00
1.133000e-03 8.686089 8.686091 0.000 1.000000 0.363057 0.997385 0.995479 18.280558 44.022275 43.946552 0.000000e+00
1.084000e-03 8.686090 8.686090 0.000 1.000000 0.363041 1.000000 0.998149 18.279883 44.126177 44.052655 0.000000e+00
1.036000e-03 8.686091 8.686090 0.000 1.000000 0.363024 1.000000 1.000000 18.279196 44.126182 44.126182 0.000000e+00
9.909000e-04 8.686091 8.686090 0.000 1.000000 0.363008 1.000000 1.000000 18.278523 44.126182 44.126182 0.000000e+00
9.475000e-04 8.686091 8.686091 0.000 1.000000 0.362992 1.000000 0.998149 18.277849 44.126182 44.052660 0.000000e+00
9.060000e-04 8.686091 8.686091 0.000 1.000000 0.362976 1.000000 0.998149 18.277179 44.126182 44.052660 0.000000e+00
8.664000e-04 8.686090 8.686091 0.000 1.000000 0.362960 0.998149 0.995118 18.276512 44.052655 43.932233 0.000000e+00
8.285000e-04 8.686090 8.686093 0.000 1.000000 0.362944 0.996799 0.997385 18.275850 43.999002 44.022280 0.000000e+00
7.922000e-04 8.686090 8.686090 0.000 1.000000 0.362928 1.000000 0.998149 18.275190 44.126177 44.052655 0.000000e+00
7.575000e-04 8.686090 8.686092 0.000 1.000000 0.362913 0.997385 0.996799 18.274534 44.022280 43.999002 0.000000e+00
7.244000e-04 8.686091 8.686090 0.000 1.000000 0.362897 1.000000 1.000000 18.273885 44.126182 44.126182 0.000000e+00
6.927000e-04 8.686090 8.686091 0.000 1.000000 0.362882 0.998149 1.000000 18.273235 44.052655 44.126177 0.000000e+00
6.623000e-04 8.686089 8.686091 0.000 1.000000 0.362866 0.997385 1.000000 18.272587 44.022275 44.126172 0.000000e+00
6.334000e-04 8.686090 8.686091 0.000 1.000000 0.362851 0.998149 0.997385 18.271949 44.052655 44.022280 0.000000e+00
6.056000e-04 8.686091 8.686090 0.000 1.000000 0.362835 1.000000 0.998149 18.271311 44.126182 44.052660 0.000000e+00
5.791000e-04 8.686090 8.686091 0.000 1.000000 0.362820 0.998149 1.000000 18.270675 44.052655 44.126177 0.000000e+00
5.538000e-04 8.686091 8.686092 0.000 1.000000 0.362805 0.998149 1.000000 18.270046 44.052660 44.126182 0.000000e+00
5.295000e-04 8.686091 8.686092 0.000 1.000000 0.362790 0.998149 0.996306 18.269417 44.052660 43.979403 0.000000e+00
5.064000e-04 8.686091 8.686091 0.000 1.000000 0.362775 1.000000 0.995871 18.268794 44.126182 43.962148 0.000000e+00
4.842000e-04 8.686090 8.686091 0.000 1.000000 0.362760 0.998149 0.998149 18.268170 44.052655 44.052655 0.000000e+00
4.630000e-04 8.686091 8.686090 0.000 1.000000 0.362746 1.000000 1.000000 18.267554 44.126182 44.126182 0.000000e+00
4.427000e-04 8.686090 8.686090 0.000 1.000000 0.362731 1.000000 0.995479 18.266936 44.126177 43.946557 0.000000e+00
4.234000e-04 8.686091 8.686091 0.000 1.000000 0.362716 1.000000 0.996799 18.266329 44.126182 43.999007 0.000000e+00
4.048000e-04 8.686090 8.686092 0.000 1.000000 0.362702 0.997385 0.998149 18.265717 44.022280 44.052655 0.000000e+00
3.871000e-04 8.686089 8.686090 0.000 1.000000 0.362687 0.998149 0.996306 18.265111 44.052651 43.979394 0.000000e+00
3.702000e-04 8.686090 8.686092 0.000 1.000000 0.362673 0.997385 0.994783 18.264513 44.022280 43.918911 0.000000e+00
3.540000e-04 8.686091 8.686091 0.000 1.000000 0.362658 1.000000 0.998149 18.263917 44.126182 44.052660 0.000000e+00
3.385000e-04 8.686091 8.686091 0.000 1.000000 0.362644 1.000000 0.998149 18.263321 44.126182 44.052660 0.000000e+00
3.237000e-04 8.686091 8.686091 0.000 1.000000 0.362630 1.000000 0.996799 18.262730 44.126182 43.999007 0.000000e+00
3.095000e-04 8.686092 8.686094 0.000 1.000000 0.362616 0.997385 0.995871 18.262142 44.022289 43.962153 0.000000e+00
2.960000e-04 8.686092 8.686091 0.000 1.000000 0.362602 1.000000 0.997385 18.261558 44.126186 44.022289 0.000000e+00
2.830000e-04 8.686093 8.686091 0.000 1.000000 0.362588 1.000000 1.000000 18.260976 44.126191 44.126191 0.000000e+00
2.706000e-04 8.686091 8.686089 0.000 1.000000 0.362574 1.000000 0.995871 18.260392 44.126182 43.962148 0.000000e+00
2.588000e-04 8.686092 8.686091 0.000 1.000000 0.362560 1.000000 0.998149 18.259820 44.126186 44.052665 0.000000e+00
2.474000e-04 8.686090 8.686090 0.000 1.000000 0.362547 1.000000 0.998149 18.259239 44.126177 44.052655 0.000000e+00
2.366000e-04 8.686092 8.686090 0.000 1.000000 0.362533 1.000000 0.998149 18.258674 44.126186 44.052665 0.000000e+00
2.263000e-04 8.686090 8.686094 0.000 1.000000 0.362520 0.996306 0.994468 18.258107 43.979399 43.906406 0.000000e+00
2.164000e-04 8.686091 8.686092 0.000 1.000000 0.362506 0.998149 0.995118 18.257545 44.052660 43.932238 0.000000e+00
2.069000e-04 8.686095 8.686092 0.000 1.000000 0.362493 1.000000 0.997385 18.256989 44.126200 44.022302 0.000000e+00
1.978000e-04 8.686095 8.686093 0.000 1.000000 0.362479 1.000000 0.996799 18.256428 44.126200 43.999025 0.000000e+00
1.892000e-04 8.686092 8.686096 0.000 1.000000 0.362466 0.996306 0.995871 18.255872 43.979408 43.962153 0.000000e+00
1.809000e-04 8.686094 8.686093 0.000 1.000000 0.362453 1.000000 0.993618 18.255322 44.126195 43.872636 0.000000e+00
1.730000e-04 8.686091 8.686094 0.000 1.000000 0.362440 0.996799 0.993888 18.254769 43.999007 43.883353 0.000000e+00
1.654000e-04 8.686089 8.686091 0.000 1.000000 0.362426 0.997385 0.994171 18.254218 44.022275 43.894581 0.000000e+00
1.582000e-04 8.686091 8.686090 0.000 1.000000 0.362414 1.000000 0.995479 18.253681 44.126182 43.946561 0.000000e+00
1.512000e-04 8.686091 8.686093 0.000 1.000000 0.362400 0.997385 0.994783 18.253134 44.022284 43.918915 0.000000e+00
1.446000e-04 8.686092 8.686090 0.000 1.000000 0.362388 1.000000 0.995479 18.252600 44.126186 43.946566 0.000000e+00
1.383000e-04 8.686097 8.686091 0.000 1.000000 0.362375 1.000000 1.000000 18.252077 44.126209 44.126209 0.000000e+00
1.322000e-04 8.686092 8.686095 0.000 1.000000 0.362362 0.996799 0.994171 18.251533 43.999011 43.894594 0.000000e+00
1.265000e-04 8.686091 8.686096 0.000 1.000000 0.362350 0.995871 0.992413 18.251010 43.962148 43.824743 0.000000e+00
1.209000e-04 8.686094 8.686097 0.000 1.000000 0.362337 0.996799 0.991575 18.250483 43.999020 43.791441 0.000000e+00
1.156000e-04 8.686092 8.686095 0.000 1.000000 0.362324 0.996799 0.993888 18.249956 43.999011 43.883358 0.000000e+00
1.106000e-04 8.686089 8.686096 0.000 1.000000 0.362312 0.995118 0.990815 18.249436 43.932229 43.761199 0.000000e+00
1.057000e-04 8.686089 8.686095 0.000 1.000000 0.362300 0.995479 0.991379 18.248912 43.946552 43.783607 0.000000e+00
1.011000e-04 8.686092 8.686095 0.000 1.000000 0.362287 0.996799 0.991575 18.248406 43.999011 43.791432 0.000000e+00
9.667000e-05 8.686092 8.686096 0.000 1.000000 0.362275 0.996306 0.995118 18.247893 43.979408 43.932242 0.000000e+00
9.244000e-05 8.686090 8.686095 0.000 1.000000 0.362263 0.995871 0.992638 18.247380 43.962144 43.833674 0.000000e+00
8.840000e-05 8.686089 8.686099 0.000 1.000000 0.362251 0.994171 0.991983 18.246873 43.894581 43.807630 0.000000e+00
8.453000e-05 8.686094 8.686099 0.000 1.000000 0.362239 0.995871 0.991983 18.246378 43.962162 43.807653 0.000000e+00
8.083000e-05 8.686096 8.686091 0.000 1.000000 0.362227 1.000000 0.993888 18.245880 44.126204 43.883376 0.000000e+00
7.729000e-05 8.686091 8.686100 0.000 1.000000 0.362215 0.994468 0.989150 18.245372 43.906410 43.695046 0.000000e+00
7.391000e-05 8.686088 8.686098 0.000 1.000000 0.362203 0.994171 0.989150 18.244872 43.894576 43.695033 0.000000e+00
7.067000e-05 8.686096 8.686096 0.000 1.000000 0.362191 1.000000 0.992638 18.244392 44.126204 43.833701 0.000000e+00
6.758000e-05 8.686095 8.686099 0.000 1.000000 0.362179 0.996306 0.990999 18.243900 43.979422 43.768535 0.000000e+00
6.462000e-05 8.686093 8.686097 0.000 1.000000 0.362168 0.996306 0.990634 18.243408 43.979412 43.754055 0.000000e+00
6.179000e-05 8.686094 8.686099 0.000 1.000000 0.362156 0.995871 0.988700 18.242925 43.962162 43.677162 0.000000e+00
5.909000e-05 8.686099 8.686096 0.000 1.000000 0.362145 1.000000 0.989461 18.242451 44.126218 43.707453 0.000000e+00
5.650000e-05 8.686092 8.686097 0.000 1.000000 0.362133 0.995871 0.993618 18.241958 43.962153 43.872627 0.000000e+00
5.403000e-05 8.686091 8.686099 0.000 1.000000 0.362122 0.994783 0.991186 18.241480 43.918915 43.775983 0.000000e+00
5.166000e-05 8.686094 8.686104 0.000 1.000000 0.362110 0.994171 0.989150 18.241009 43.894603 43.695060 0.000000e+00
4.940000e-05 8.686097 8.686096 0.000 1.000000 0.362099 1.000000 0.993359 18.240542 44.126209 43.862363 0.000000e+00
4.724000e-05 8.686095 8.686094 0.000 1.000000 0.362088 1.000000 0.991776 18.240069 44.126200 43.799448 0.000000e+00
4.517000e-05 8.686089 8.686109 0.000 1.000000 0.362077 0.991776 0.987449 18.239591 43.799421 43.627403 0.000000e+00
4.320000e-05 8.686097 8.686110 0.000 1.000000 0.362065 0.993359 0.986436 18.239142 43.862363 43.587197 0.000000e+00
4.130000e-05 8.686094 8.686106 0.000 1.000000 0.362054 0.993618 0.988700 18.238672 43.872636 43.677162 0.000000e+00
3.950000e-05 8.686092 8.686102 0.000 1.000000 0.362043 0.994171 0.986932 18.238210 43.894594 43.606891 0.000000e+00
3.777000e-05 8.686091 8.686113 0.000 1.000000 0.362032 0.991379 0.986932 18.237751 43.783616 43.606886 0.000000e+00
3.612000e-05 8.686098 8.686101 0.000 1.000000 0.362022 0.996799 0.988998 18.237309 43.999038 43.689028 0.000000e+00
3.453000e-05 8.686098 8.686098 0.000 1.000000 0.362011 1.000000 0.989150 18.236854 44.126214 43.695078 0.000000e+00
3.302000e-05 8.686096 8.686103 0.000 1.000000 0.362000 0.995118 0.989782 18.236400 43.932260 43.720199 0.000000e+00
3.158000e-05 8.686097 8.686100 0.000 1.000000 0.361989 0.996799 0.987188 18.235956 43.999034 43.617069 0.000000e+00
3.020000e-05 8.686096 8.686112 0.000 1.000000 0.361979 0.992638 0.985272 18.235510 43.833701 43.540911 0.000000e+00
2.887000e-05 8.686106 8.686110 0.000 1.000000 0.361968 0.996306 0.987188 18.235081 43.979472 43.617109 0.000000e+00
2.761000e-05 8.686103 8.686116 0.000 1.000000 0.361957 0.993359 0.987851 18.234637 43.862391 43.643455 0.000000e+00
2.640000e-05 8.686100 8.686113 0.000 1.000000 0.361947 0.993359 0.984301 18.234193 43.862377 43.502322 0.000000e+00
2.525000e-05 8.686097 8.686120 0.000 1.000000 0.361937 0.991186 0.982434 18.233754 43.776010 43.428078 0.000000e+00
2.414000e-05 8.686099 8.686111 0.000 1.000000 0.361926 0.993618 0.983788 18.233322 43.872659 43.481912 0.000000e+00
2.308000e-05 8.686099 8.686102 0.000 1.000000 0.361916 0.996799 0.985384 18.232889 43.999043 43.545380 0.000000e+00
2.207000e-05 8.686097 8.686104 0.000 1.000000 0.361906 0.995118 0.985161 18.232457 43.932265 43.536495 0.000000e+00
2.111000e-05 8.686100 8.686115 0.000 1.000000 0.361895 0.992870 0.984617 18.232038 43.842943 43.514908 0.000000e+00
2.018000e-05 8.686106 8.686105 0.000 1.000000 0.361885 1.000000 0.986682 18.231622 44.126250 43.597000 0.000000e+00
1.930000e-05 8.686116 8.686115 0.000 1.000000 0.361875 1.000000 0.992413 18.231219 44.126296 43.824856 0.000000e+00
1.846000e-05 8.686102 8.686121 0.000 1.000000 0.361865 0.991983 0.983687 18.230777 43.807689 43.477925 0.000000e+00
1.765000e-05 8.686113 8.686131 0.000 1.000000 0.361855 0.992195 0.981886 18.230377 43.816170 43.406372 0.000000e+00
1.688000e-05 8.686112 8.686123 0.000 1.000000 0.361845 0.993888 0.982067 18.229962 43.883448 43.413549 0.000000e+00
1.614000e-05 8.686113 8.686123 0.000 1.000000 0.361835 0.994171 0.983587 18.229550 43.894689 43.473999 0.000000e+00
1.543000e-05 8.686101 8.686130 0.000 1.000000 0.361825 0.990114 0.979851 18.229116 43.733409 43.325409 0.000000e+00
1.476000e-05 8.686104 8.686128 0.000 1.000000 0.361816 0.990999 0.979220 18.228716 43.768576 43.300309 0.000000e+00
1.411000e-05 8.686106 8.686123 0.000 1.000000 0.361806 0.992413 0.978235 18.228310 43.824811 43.261154 0.000000e+00
1.349000e-05 8.686111 8.686120 0.000 1.000000 0.361796 0.994468 0.981619 18.227913 43.906501 43.395731 0.000000e+00
1.290000e-05 8.686106 8.686136 0.000 1.000000 0.361787 0.989947 0.981531 18.227502 43.726782 43.392201 0.000000e+00
1.234000e-05 8.686122 8.686142 0.000 1.000000 0.361777 0.991776 0.977652 18.227134 43.799570 43.238036 0.000000e+00
1.180000e-05 8.686121 8.686131 0.000 1.000000 0.361768 0.994171 0.981268 18.226734 43.894726 43.381848 0.000000e+00
1.128000e-05 8.686114 8.686131 0.000 1.000000 0.361758 0.992413 0.980756 18.226323 43.824847 43.361427 0.000000e+00
1.079000e-05 8.686119 8.686160 0.000 1.000000 0.361749 0.988267 0.976600 18.225942 43.660085 43.196200 0.000000e+00
1.031000e-05 8.686119 8.686162 0.000 1.000000 0.361739 0.987988 0.973713 18.225544 43.648980 43.081371 0.000000e+00
9.863000e-06 8.686134 8.686145 0.000 1.000000 0.361730 0.993888 0.977015 18.225184 43.883548 43.212750 0.000000e+00
9.432000e-06 8.686136 8.686151 0.000 1.000000 0.361721 0.992870 0.977155 18.224801 43.843106 43.218324 0.000000e+00
9.019000e-06 8.686109 8.686167 0.000 1.000000 0.361711 0.986076 0.973895 18.224368 43.572943 43.088558 0.000000e+00
8.624000e-06 8.686115 8.686158 0.000 1.000000 0.361702 0.987988 0.972477 18.223996 43.648962 43.032177 0.000000e+00
8.247000e-06 8.686131 8.686142 0.000 1.000000 0.361693 0.993888 0.975208 18.223643 43.883535 43.140876 0.000000e+00
7.886000e-06 8.686114 8.686156 0.000 1.000000 0.361684 0.988127 0.975016 18.223234 43.654476 43.133159 0.000000e+00
7.541000e-06 8.686116 8.686165 0.000 1.000000 0.361675 0.987188 0.973295 18.222861 43.617154 43.064692 0.000000e+00
7.211000e-06 8.686132 8.686180 0.000 1.000000 0.361666 0.987317 0.972883 18.222514 43.622383 43.048375 0.000000e+00
6.895000e-06 8.686151 8.686186 0.000 1.000000 0.361657 0.989150 0.972824 18.222173 43.695316 43.046139 0.000000e+00
6.593000e-06 8.686131 8.686185 0.000 1.000000 0.361648 0.986558 0.974201 18.221767 43.592208 43.100829 0.000000e+00
6.305000e-06 8.686144 8.686236 0.000 1.000000 0.361640 0.982527 0.968735 18.221421 43.431987 42.883411 0.000000e+00
6.029000e-06 8.686142 8.686222 0.000 1.000000 0.361631 0.983687 0.967752 18.221051 43.478104 42.844303 0.000000e+00
5.765000e-06 8.686136 8.686213 0.000 1.000000 0.361622 0.983991 0.968486 18.220675 43.490157 42.873476 0.000000e+00
5.512000e-06 8.686138 8.686189 0.000 1.000000 0.361613 0.986932 0.968239 18.220314 43.607097 42.863669 0.000000e+00
5.271000e-06 8.686129 8.686226 0.000 1.000000 0.361605 0.982067 0.964853 18.219938 43.413624 42.728870 0.000000e+00
5.040000e-06 8.686143 8.686207 0.000 1.000000 0.361596 0.985384 0.966337 18.219603 43.545577 42.787998 0.000000e+00
4.820000e-06 8.686159 8.686189 0.000 1.000000 0.361588 0.989947 0.969649 18.219274 43.727021 42.919854 0.000000e+00
4.609000e-06 8.686157 8.686209 0.000 1.000000 0.361579 0.986806 0.967273 18.218915 43.602181 42.825301 0.000000e+00
4.407000e-06 8.686147 8.686239 0.000 1.000000 0.361571 0.982527 0.964897 18.218544 43.432000 42.730697 0.000000e+00
4.214000e-06 8.686170 8.686230 0.000 1.000000 0.361562 0.985842 0.964634 18.218232 43.563887 42.720337 0.000000e+00
4.030000e-06 8.686193 8.686263 0.000 1.000000 0.361554 0.984724 0.963815 18.217923 43.519580 42.687866 0.000000e+00
3.853000e-06 8.686180 8.686238 0.000 1.000000 0.361545 0.986076 0.965699 18.217551 43.573261 42.762755 0.000000e+00
3.685000e-06 8.686165 8.686257 0.000 1.000000 0.361537 0.982527 0.961794 18.217181 43.432080 42.607307 0.000000e+00
3.524000e-06 8.686165 8.686273 0.000 1.000000 0.361529 0.981096 0.960038 18.216837 43.375182 42.537409 0.000000e+00
3.369000e-06 8.686172 8.686236 0.000 1.000000 0.361521 0.985384 0.961278 18.216505 43.545707 42.586779 0.000000e+00
3.222000e-06 8.686164 8.686240 0.000 1.000000 0.361513 0.984093 0.962197 18.216152 43.494363 42.623329 0.000000e+00
3.081000e-06 8.686132 8.686295 0.000 1.000000 0.361505 0.976876 0.958004 18.215758 43.207211 42.456262 0.000000e+00
2.946000e-06 8.686172 8.686303 0.000 1.000000 0.361496 0.979220 0.957645 18.215490 43.300610 42.442175 0.000000e+00
2.817000e-06 8.686204 8.686283 0.000 1.000000 0.361488 0.983788 0.960153 18.215210 43.482381 42.542130 0.000000e+00
2.694000e-06 8.686208 8.686313 0.000 1.000000 0.361480 0.981355 0.959547 18.214885 43.385691 42.518033 0.000000e+00
2.576000e-06 8.686189 8.686358 0.000 1.000000 0.361473 0.976464 0.956799 18.214520 43.191084 42.408572 0.000000e+00
2.463000e-06 8.686221 8.686372 0.000 1.000000 0.361465 0.977724 0.953751 18.214245 43.241337 42.287318 0.000000e+00
2.355000e-06 8.686244 8.686358 0.000 1.000000 0.361457 0.980588 0.955195 18.213957 43.355334 42.344937 0.000000e+00
2.252000e-06 8.686257 8.686353 0.000 1.000000 0.361449 0.982158 0.956695 18.213654 43.417814 42.404707 0.000000e+00
2.154000e-06 8.686216 8.686358 0.000 1.000000 0.361441 0.978383 0.955296 18.213260 43.267543 42.348817 0.000000e+00
2.059000e-06 8.686212 8.686391 0.000 1.000000 0.361433 0.975794 0.955162 18.212928 43.164548 42.343470 0.000000e+00
1.969000e-06 8.686272 8.686375 0.000 1.000000 0.361426 0.981530 0.957220 18.212712 43.392939 42.425672 0.000000e+00
1.883000e-06 8.686227 8.686373 0.000 1.000000 0.361418 0.978088 0.955666 18.212315 43.255831 42.363616 0.000000e+00
1.801000e-06 8.686222 8.686420 0.000 1.000000 0.361411 0.974574 0.955497 18.211990 43.116047 42.356871 0.000000e+00
1.722000e-06 8.686271 8.686484 0.000 1.000000 0.361403 0.973653 0.957185 18.211759 43.079642 42.424266 0.000000e+00
1.646000e-06 8.686326 8.686410 0.000 1.000000 0.361395 0.983291 0.959173 18.211538 43.463175 42.503674 0.000000e+00
1.574000e-06 8.686292 8.686458 0.000 1.000000 0.361388 0.976669 0.957931 18.211166 43.199690 42.454087 0.000000e+00
1.505000e-06 8.686294 8.686534 0.000 1.000000 0.361381 0.972078 0.958003 18.210858 43.017094 42.456958 0.000000e+00
1.440000e-06 8.686316 8.686572 0.000 1.000000 0.361373 0.971189 0.958804 18.210592 42.981809 42.488915 0.000000e+00
1.377000e-06 8.686353 8.686517 0.000 1.000000 0.361366 0.976806 0.960191 18.210349 43.205437 42.544293 0.000000e+00
1.316000e-06 8.686329 8.686545 0.000 1.000000 0.361359 0.973473 0.959285 18.209997 43.072737 42.508131 0.000000e+00
1.259000e-06 8.686312 8.686573 0.000 1.000000 0.361351 0.970917 0.958657 18.209667 42.970975 42.483053 0.000000e+00
1.204000e-06 8.686334 8.686570 0.000 1.000000 0.361344 0.972305 0.959472 18.209403 43.026307 42.515590 0.000000e+00
1.151000e-06 8.686359 8.686543 0.000 1.000000 0.361337 0.975466 0.960421 18.209144 43.152170 42.553479 0.000000e+00
1.101000e-06 8.686377 8.686621 0.000 1.000000 0.361330 0.971853 0.961120 18.208878 43.008499 42.581401 0.000000e+00
1.052000e-06 8.686328 8.686686 0.000 1.000000 0.361322 0.966107 0.959248 18.208490 42.779670 42.506644 0.000000e+00
1.006000e-06 8.686427 8.686684 0.000 1.000000 0.361315 0.971134 0.963141 18.208367 42.980123 42.662074 0.000000e+00
9.623000e-07 8.686461 8.686689 0.000 1.000000 0.361308 0.972766 0.964590 18.208133 43.045188 42.719865 0.000000e+00
9.202000e-07 8.686447 8.686736 0.000 1.000000 0.361301 0.969443 0.963985 18.207816 42.912926 42.695757 0.000000e+00
8.799000e-07 8.686454 8.686852 0.000 1.000000 0.361294 0.964329 0.964286 18.207537 42.709473 42.707754 0.000000e+00
8.414000e-07 8.686504 8.686830 0.000 1.000000 0.361288 0.967607 0.966521 18.207334 42.840129 42.796927 0.000000e+00
8.046000e-07 8.686502 8.686806 0.000 1.000000 0.361281 0.968684 0.966429 18.207043 42.882987 42.793234 0.000000e+00
7.694000e-07 8.686452 8.686811 0.000 1.000000 0.361274 0.966061 0.964200 18.206669 42.778391 42.704315 0.000000e+00
7.357000e-07 8.686495 8.686922 0.000 1.000000 0.361267 0.963100 0.966107 18.206458 42.660711 42.780396 0.000000e+00
7.035000e-07 8.686525 8.686853 0.000 1.000000 0.361260 0.967511 0.967511 18.206227 42.836400 42.836400 0.000000e+00
6.727000e-07 8.686554 8.686853 0.000 1.000000 0.361253 0.968935 0.968935 18.205995 42.893185 42.893185 0.000000e+00
6.432000e-07 8.686605 8.686853 0.000 1.000000 0.361247 0.971629 0.971629 18.205803 43.000617 43.000617 0.000000e+00
6.151000e-07 8.686549 8.686853 0.000 1.000000 0.361240 0.968684 0.968684 18.205427 42.883193 42.883193 0.000000e+00
5.882000e-07 8.686619 8.686853 0.000 1.000000 0.361233 0.972419 0.972419 18.205271 43.032109 43.032109 0.000000e+00
5.624000e-07 8.686687 8.686853 0.000 1.000000 0.361227 0.976668 0.976668 18.205112 43.201436 43.201436 0.000000e+00
5.378000e-07 8.686672 8.686853 0.000 1.000000 0.361220 0.975662 0.975662 18.204812 43.161345 43.161345 0.000000e+00
5.143000e-07 8.686631 8.686853 0.000 1.000000 0.361214 0.973116 0.973116 18.204468 43.059900 43.059900 0.000000e+00
4.918000e-07 8.686694 8.686853 0.000 1.000000 0.361207 0.977154 0.977154 18.204306 43.220792 43.220792 0.000000e+00
4.702000e-07 8.686751 8.686853 0.000 1.000000 0.361201 0.981618 0.981618 18.204133 43.398580 43.398580 0.000000e+00
4.497000e-07 8.686722 8.686853 0.000 1.000000 0.361194 0.979219 0.979219 18.203815 43.303050 43.303050 0.000000e+00
4.300000e-07 8.686718 8.686853 0.000 1.000000 0.361188 0.978911 0.978911 18.203541 43.290774 43.290774 0.000000e+00
4.112000e-07 8.686761 8.686853 0.000 1.000000 0.361182 0.982526 0.982526 18.203350 43.434737 43.434737 0.000000e+00
3.932000e-07 8.686890 8.686853 0.000 1.000000 0.361175 1.000000 1.000000 18.203309 44.129836 44.129836 0.000000e+00
3.760000e-07 8.686882 8.686853 0.000 1.000000 0.361169 1.000000 1.000000 18.203032 44.129799 44.129799 0.000000e+00
3.595000e-07 8.686853 8.686853 0.000 1.000000 0.361163 1.000000 1.000000 18.202720 44.129667 44.129667 0.000000e+00
3.438000e-07 8.686853 8.686853 0.000 1.000000 0.361156 1.000000 1.000000 18.202460 44.129667 44.129667 0.000000e+00
3.287000e-07 8.686853 8.686853 0.000 1.000000 0.361150 1.000000 1.000000 18.202200 44.129667 44.129667 0.000000e+00
3.143000e-07 8.686853 8.686853 0.000 1.000000 0.361144 1.000000 1.000000 18.201942 44.129667 44.129667 0.000000e+00
3.006000e-07 8.686853 8.686853 0.000 1.000000 0.361138 1.000000 1.000000 18.201687 44.129667 44.129667 0.000000e+00
2.874000e-07 8.686853 8.686853 0.000 1.000000 0.361132 1.000000 1.000000 18.201431 44.129667 44.129667 0.000000e+00
2.748000e-07 8.686853 8.686853 0.000 1.000000 0.361126 1.000000 1.000000 18.201178 44.129667 44.129667 0.000000e+00
2.628000e-07 8.686853 8.686853 0.000 1.000000 0.361120 1.000000 1.000000 18.200926 44.129667 44.129667 0.000000e+00
2.513000e-07 8.686853 8.686853 0.000 1.000000 0.361114 1.000000 1.000000 18.200675 44.129667 44.129667 0.000000e+00
2.403000e-07 8.686853 8.686853 0.000 1.000000 0.361108 1.000000 1.000000 18.200426 44.129667 44.129667 0.000000e+00
2.298000e-07 8.686853 8.686853 0.000 1.000000 0.361102 1.000000 1.000000 18.200178 44.129667 44.129667 0.000000e+00
2.197000e-07 8.686853 8.686853 0.000 1.000000 0.361096 1.000000 1.000000 18.199931 44.129667 44.129667 0.000000e+00
2.101000e-07 8.686853 8.686853 0.000 1.000000 0.361090 1.000000 1.000000 18.199686 44.129667 44.129667 0.000000e+00
2.009000e-07 8.686853 8.686853 0.000 1.000000 0.361084 1.000000 1.000000 18.199441 44.129667 44.129667 0.000000e+00
1.921000e-07 8.686853 8.686853 0.000 1.000000 0.361078 1.000000 1.000000 18.199199 44.129667 44.129667 0.000000e+00
1.837000e-07 8.686853 8.686853 0.000 1.000000 0.361073 1.000000 1.000000 18.198957 44.129667 44.129667 0.000000e+00
1.757000e-07 8.686853 8.686853 0.000 1.000000 0.361067 1.000000 1.000000 18.198718 44.129667 44.129667 0.000000e+00
1.680000e-07 8.686853 8.686853 0.000 1.000000 0.361061 1.000000 1.000000 18.198479 44.129667 44.129667 0.000000e+00
1.606000e-07 8.686853 8.686853 0.000 1.000000 0.361055 1.000000 1.000000 18.198240 44.129667 44.129667 0.000000e+00
1.536000e-07 8.686853 8.686853 0.000 1.000000 0.361050 1.000000 1.000000 18.198005 44.129667 44.129667 0.000000e+00
1.469000e-07 8.686853 8.686853 0.000 1.000000 0.361044 1.000000 1.000000 18.197770 44.129667 44.129667 0.000000e+00
1.405000e-07 8.686853 8.686853 0.000 1.000000 0.361039 1.000000 1.000000 18.197538 44.129667 44.129667 0.000000e+00
1.343000e-07 8.686853 8.686853 0.000 1.000000 0.361033 1.000000 1.000000 18.197303 44.129667 44.129667 0.000000e+00
1.284000e-07 8.686853 8.686853 0.000 1.000000 0.361027 1.000000 1.000000 18.197071 44.129667 44.129667 0.000000e+00
1.228000e-07 8.686853 8.686853 0.000 1.000000 0.361022 1.000000 1.000000 18.196842 44.129667 44.129667 0.000000e+00
1.174000e-07 8.686853 8.686853 0.000 1.000000 0.361017 1.000000 1.000000 18.196612 44.129667 44.129667 0.000000e+00
1.123000e-07 8.686853 8.686853 0.000 1.000000 0.361011 1.000000 1.000000 18.196386 44.129667 44.129667 0.000000e+00
1.074000e-07 8.686853 8.686853 0.000 1.000000 0.361006 1.000000 1.000000 18.196160 44.129667 44.129667 0.000000e+00
1.027000e-07 8.686853 8.686853 0.000 1.000000 0.361000 1.000000 1.000000 18.195935 44.129667 44.129667 0.000000e+00
9.818000e-08 8.686853 8.686853 0.000 1.000000 0.360995 1.000000 1.000000 18.195710 44.129667 44.129667 0.000000e+00
9.388000e-08 8.686853 8.686853 0.000 1.000000 0.360990 1.000000 1.000000 18.195487 44.129667 44.129667 0.000000e+00
8.978000e-08 8.686853 8.686853 0.000 1.000000 0.360984 1.000000 1.000000 18.195266 44.129667 44.129667 0.000000e+00
8.585000e-08 8.686853 8.686853 0.000 1.000000 0.360979 1.000000 1.000000 18.195045 44.129667 44.129667 0.000000e+00
8.209000e-08 8.686853 8.686853 0.000 1.000000 0.360974 1.000000 1.000000 18.194826 44.129667 44.129667 0.000000e+00
7.850000e-08 8.686853 8.686853 0.000 1.000000 0.360969 1.000000 1.000000 18.194608 44.129667 44.129667 0.000000e+00
7.506000e-08 8.686853 8.686853 0.000 1.000000 0.360963 1.000000 1.000000 18.194391 44.129667 44.129667 0.000000e+00
7.178000e-08 8.686853 8.686853 0.000 1.000000 0.360958 1.000000 1.000000 18.194176 44.129667 44.129667 0.000000e+00
6.863000e-08 8.686853 8.686853 0.000 1.000000 0.360953 1.000000 1.000000 18.193960 44.129667 44.129667 0.000000e+00
6.563000e-08 8.686853 8.686853 0.000 1.000000 0.360948 1.000000 1.000000 18.193747 44.129667 44.129667 0.000000e+00
6.276000e-08 8.686853 8.686853 0.000 1.000000 0.360943 1.000000 1.000000 18.193535 44.129667 44.129667 0.000000e+00
6.001000e-08 8.686853 8.686853 0.000 1.000000 0.360938 1.000000 1.000000 18.193324 44.129667 44.129667 0.000000e+00
5.738000e-08 8.686853 8.686853 0.000 1.000000 0.360933 1.000000 1.000000 18.193113 44.129667 44.129667 0.000000e+00
5.487000e-08 8.686853 8.686853 0.000 1.000000 0.360928 1.000000 1.000000 18.192905 44.129667 44.129667 0.000000e+00
5.247000e-08 8.686853 8.686853 0.000 1.000000 0.360923 1.000000 1.000000 18.192697 44.129667 44.129667 0.000000e+00
5.017000e-08 8.686853 8.686853 0.000 1.000000 0.360918 1.000000 1.000000 18.192490 44.129667 44.129667 0.000000e+00
4.798000e-08 8.686853 8.686853 0.000 1.000000 0.360913 1.000000 1.000000 18.192285 44.129667 44.129667 0.000000e+00
4.588000e-08 8.686853 8.686853 0.000 1.000000 0.360908 1.000000 1.000000 18.192081 44.129667 44.129667 0.000000e+00
4.387000e-08 8.686853 8.686853 0.000 1.000000 0.360903 1.000000 1.000000 18.191877 44.129667 44.129667 0.000000e+00
4.195000e-08 8.686853 8.686853 0.000 1.000000 0.360898 1.000000 1.000000 18.191675 44.129667 44.129667 0.000000e+00
4.011000e-08 8.686853 8.686853 0.000 1.000000 0.360894 1.000000 1.000000 18.191473 44.129667 44.129667 0.000000e+00
3.836000e-08 8.686853 8.686853 0.000 1.000000 0.360889 1.000000 1.000000 18.191274 44.129667 44.129667 0.000000e+00
3.668000e-08 8.686853 8.686853 0.000 1.000000 0.360884 1.000000 1.000000 18.191075 44.129667 44.129667 0.000000e+00
3.507000e-08 8.686853 8.686853 0.000 1.000000 0.360879 1.000000 1.000000 18.190876 44.129667 44.129667 0.000000e+00
3.354000e-08 8.686853 8.686853 0.000 1.000000 0.360875 1.000000 1.000000 18.190680 44.129667 44.129667 0.000000e+00
3.207000e-08 8.686853 8.686853 0.000 1.000000 0.360870 1.000000 1.000000 18.190484 44.129667 44.129667 0.000000e+00
3.067000e-08 8.686853 8.686853 0.000 1.000000 0.360865 1.000000 1.000000 18.190290 44.129667 44.129667 0.000000e+00
2.933000e-08 8.686853 8.686853 0.000 1.000000 0.360861 1.000000 1.000000 18.190096 44.129667 44.129667 0.000000e+00
2.804000e-08 8.686853 8.686853 0.000 1.000000 0.360856 1.000000 1.000000 18.189902 44.129667 44.129667 0.000000e+00
2.681000e-08 8.686853 8.686853 0.000 1.000000 0.360851 1.000000 1.000000 18.189710 44.129667 44.129667 0.000000e+00
2.564000e-08 8.686853 8.686853 0.000 1.000000 0.360847 1.000000 1.000000 18.189520 44.129667 44.129667 0.000000e+00
2.452000e-08 8.686853 8.686853 0.000 1.000000 0.360842 1.000000 1.000000 18.189331 44.129667 44.129667 0.000000e+00
2.345000e-08 8.686853 8.686853 0.000 1.000000 0.360838 1.000000 1.000000 18.189143 44.129667 44.129667 0.000000e+00
2.242000e-08 8.686853 8.686853 0.000 1.000000 0.360833 1.000000 1.000000 18.188955 44.129667 44.129667 0.000000e+00
2.144000e-08 8.686853 8.686853 0.000 1.000000 0.360829 1.000000 1.000000 18.188768 44.129667 44.129667 0.000000e+00
2.050000e-08 8.686853 8.686853 0.000 1.000000 0.360824 1.000000 1.000000 18.188582 44.129667 44.129667 0.000000e+00
1.960000e-08 8.686853 8.686853 0.000 1.000000 0.360820 1.000000 1.000000 18.188397 44.129667 44.129667 0.000000e+00
1.874000e-08 8.686853 8.686853 0.000 1.000000 0.360816 1.000000 1.000000 18.188213 44.129667 44.129667 0.000000e+00
1.792000e-08 8.686853 8.686853 0.000 1.000000 0.360811 1.000000 1.000000 18.188030 44.129667 44.129667 0.000000e+00
1.714000e-08 8.686853 8.686853 0.000 1.000000 0.360807 1.000000 1.000000 18.187850 44.129667 44.129667 0.000000e+00
1.639000e-08 8.686853 8.686853 0.000 1.000000 0.360803 1.000000 1.000000 18.187669 44.129667 44.129667 0.000000e+00
1.567000e-08 8.686853 8.686853 0.000 1.000000 0.360798 1.000000 1.000000 18.187489 44.129667 44.129667 0.000000e+00
1.499000e-08 8.686853 8.686853 0.000 1.000000 0.360794 1.000000 1.000000 18.187312 44.129667 44.129667 0.000000e+00
1.433000e-08 8.686853 8.686853 0.000 1.000000 0.360790 1.000000 1.000000 18.187133 44.129667 44.129667 0.000000e+00
1.370000e-08 8.686853 8.686853 0.000 1.000000 0.360786 1.000000 1.000000 18.186955 44.129667 44.129667 0.000000e+00
1.310000e-08 8.686853 8.686853 0.000 1.000000 0.360781 1.000000 1.000000 18.186779 44.129667 44.129667 0.000000e+00
1.253000e-08 8.686853 8.686853 0.000 1.000000 0.360777 1.000000 1.000000 18.186605 44.129667 44.129667 0.000000e+00
1.198000e-08 8.686853 8.686853 0.000 1.000000 0.360773 1.000000 1.000000 18.186431 44.129667 44.129667 0.000000e+00
1.146000e-08 8.686853 8.686853 0.000 1.000000 0.360769 1.000000 1.000000 18.186259 44.129667 44.129667 0.000000e+00
1.096000e-08 8.686853 8.686853 0.000 1.000000 0.360765 1.000000 1.000000 18.186087 44.129667 44.129667 0.000000e+00
1.048000e-08 8.686853 8.686853 0.000 1.000000 0.360761 1.000000 1.000000 18.185916 44.129667 44.129667 0.000000e+00
1.002000e-08 8.686853 8.686853 0.000 1.000000 0.360757 1.000000 1.000000 18.185745 44.129667 44.129667 0.000000e+00
9.579000e-09 8.686853 8.686853 0.000 1.000000 0.360753 1.000000 1.000000 18.185575 44.129667 44.129667 0.000000e+00
9.160000e-09 8.686853 8.686853 0.000 1.000000 0.360748 1.000000 1.000000 18.185406 44.129667 44.129667 0.000000e+00
8.759000e-09 8.686853 8.686853 0.000 1.000000 0.360744 1.000000 1.000000 18.185239 44.129667 44.129667 0.000000e+00
8.375000e-09 8.686853 8.686853 0.000 1.000000 0.360740 1.000000 1.000000 18.185072 44.129667 44.129667 0.000000e+00
8.009000e-09 8.686853 8.686853 0.000 1.000000 0.360737 1.000000 1.000000 18.184906 44.129667 44.129667 0.000000e+00
7.658000e-09 8.686853 8.686853 0.000 1.000000 0.360733 1.000000 1.000000 18.184741 44.129667 44.129667 0.000000e+00
7.323000e-09 8.686853 8.686853 0.000 1.000000 0.360729 1.000000 1.000000 18.184577 44.129667 44.129667 0.000000e+00
7.003000e-09 8.686853 8.686853 0.000 1.000000 0.360725 1.000000 1.000000 18.184414 44.129667 44.129667 0.000000e+00
6.696000e-09 8.686853 8.686853 0.000 1.000000 0.360721 1.000000 1.000000 18.184252 44.129667 44.129667 0.000000e+00
6.403000e-09 8.686853 8.686853 0.000 1.000000 0.360717 1.000000 1.000000 18.184090 44.129667 44.129667 0.000000e+00
6.123000e-09 8.686853 8.686853 0.000 1.000000 0.360713 1.000000 1.000000 18.183930 44.129667 44.129667 0.000000e+00
5.855000e-09 8.686853 8.686853 0.000 1.000000 0.360709 1.000000 1.000000 18.183770 44.129667 44.129667 0.000000e+00
5.599000e-09 8.686853 8.686853 0.000 1.000000 0.360706 1.000000 1.000000 18.183612 44.129667 44.129667 0.000000e+00
5.354000e-09 8.686853 8.686853 0.000 1.000000 0.360702 1.000000 1.000000 18.183454 44.129667 44.129667 0.000000e+00
5.119000e-09 8.686853 8.686853 0.000 1.000000 0.360698 1.000000 1.000000 18.183296 44.129667 44.129667 0.000000e+00
4.895000e-09 8.686853 8.686853 0.000 1.000000 0.360694 1.000000 1.000000 18.183140 44.129667 44.129667 0.000000e+00
4.681000e-09 8.686853 8.686853 0.000 1.000000 0.360691 1.000000 1.000000 18.182984 44.129667 44.129667 0.000000e+00
4.476000e-09 8.686853 8.686853 0.000 1.000000 0.360687 1.000000 1.000000 18.182830 44.129667 44.129667 0.000000e+00
4.280000e-09 8.686853 8.686853 0.000 1.000000 0.360683 1.000000 1.000000 18.182676 44.129667 44.129667 0.000000e+00
4.093000e-09 8.686853 8.686853 0.000 1.000000 0.360680 1.000000 1.000000 18.182523 44.129667 44.129667 0.000000e+00
3.914000e-09 8.686853 8.686853 0.000 1.000000 0.360676 1.000000 1.000000 18.182371 44.129667 44.129667 0.000000e+00
3.742000e-09 8.686853 8.686853 0.000 1.000000 0.360672 1.000000 1.000000 18.182219 44.129667 44.129667 0.000000e+00
3.579000e-09 8.686853 8.686853 0.000 1.000000 0.360669 1.000000 1.000000 18.182069 44.129667 44.129667 0.000000e+00
3.422000e-09 8.686853 8.686853 0.000 1.000000 0.360665 1.000000 1.000000 18.181919 44.129667 44.129667 0.000000e+00
3.272000e-09 8.686853 8.686853 0.000 1.000000 0.360662 1.000000 1.000000 18.181770 44.129667 44.129667 0.000000e+00
3.129000e-09 8.686853 8.686853 0.000 1.000000 0.360658 1.000000 1.000000 18.181622 44.129667 44.129667 0.000000e+00
2.992000e-09 8.686853 8.686853 0.000 1.000000 0.360654 1.000000 1.000000 18.181475 44.129667 44.129667 0.000000e+00
2.861000e-09 8.686853 8.686853 0.000 1.000000 0.360651 1.000000 1.000000 18.181328 44.129667 44.129667 0.000000e+00
2.736000e-09 8.686853 8.686853 0.000 1.000000 0.360647 1.000000 1.000000 18.181183 44.129667 44.129667 0.000000e+00
2.616000e-09 8.686853 8.686853 0.000 1.000000 0.360644 1.000000 1.000000 18.181037 44.129667 44.129667 0.000000e+00
2.502000e-09 8.686853 8.686853 0.000 1.000000 0.360641 1.000000 1.000000 18.180894 44.129667 44.129667 0.000000e+00
2.392000e-09 8.686853 8.686853 0.000 1.000000 0.360637 1.000000 1.000000 18.180750 44.129667 44.129667 0.000000e+00
2.287000e-09 8.686853 8.686853 0.000 1.000000 0.360634 1.000000 1.000000 18.180607 44.129667 44.129667 0.000000e+00
2.187000e-09 8.686853 8.686853 0.000 1.000000 0.360630 1.000000 1.000000 18.180465 44.129667 44.129667 0.000000e+00
2.092000e-09 8.686853 8.686853 0.000 1.000000 0.360627 1.000000 1.000000 18.180325 44.129667 44.129667 0.000000e+00
2.000000e-09 8.686853 8.686853 0.000 1.000000 0.360624 1.000000 1.000000 18.180184 44.129667 44.129667 0.000000e+00
